#   mass        eta         xmin         xmax          sig     sig_stat   sig_systUp   sig_systDn          bkg     bkg_stat   bkg_systUp   bkg_systDn          obs     obs_stat    sig_totUp    sig_totDn    bkg_totUp    bkg_totDn
     247       Eta1          300       294.06            0            0            0            0       68.379      0.98534       13.766       9.5912            0            0            0            0       13.801       9.6417
     247   Eta1_2p4          300       614.39     0.091413     0.037957    0.0094405     0.038416       1498.9       11.377       94.665       93.648            0            0     0.039113     0.054005       95.347       94.337
     308       Eta1          300       365.23     0.067788     0.022421     0.010701     0.012437       43.168      0.84625       5.5963       6.1628            0            0     0.024843     0.025639         5.66       6.2207
     308   Eta1_2p4          300       441.04     0.074779     0.027206    0.0074008     0.017841       1225.1       10.724       69.577       87.496            0            0     0.028195     0.032534       70.398       88.151
     432       Eta1          300       546.34      0.20493     0.019662    0.0080091     0.017666       65.461      0.98159           12       8.6814            0            0     0.021231     0.026433        12.04       8.7367
     432   Eta1_2p4          300       800.97      0.13766     0.016521    0.0060712     0.022632       1576.3       11.491       102.84        104.6            0            0     0.017601     0.028021       103.48       105.23
     557       Eta1       367.69       707.52      0.13014     0.009132    0.0059951     0.006215       27.318       0.5349       7.8529       4.6282            0            0     0.010924     0.011046       7.8711        4.659
     557   Eta1_2p4       342.12       806.81     0.071749    0.0070824    0.0068585    0.0087583       1051.8        8.699       84.931       113.37            0            0     0.009859     0.011264       85.376        113.7
     651       Eta1       443.65       774.66     0.090847    0.0051994    0.0040237    0.0045495       10.163       0.2615       3.8454       3.1397            0            0    0.0065745    0.0069088       3.8543       3.1505
     651   Eta1_2p4       418.32       886.23     0.034439    0.0030563    0.0014484    0.0026509       520.68       5.3366       47.331       38.014            0            0    0.0033822    0.0040458       47.631       38.387
     745       Eta1       509.29       904.35     0.065849    0.0030181    0.0021562    0.0039876       4.9001      0.14156       2.6163       1.5976            0            0    0.0037092     0.005001       2.6201       1.6039
     745   Eta1_2p4       466.14         1031       0.0238    0.0019356    0.0024976    0.0013942       345.64       4.0219       38.808       28.378            0            0    0.0031598    0.0023854       39.016       28.662
     871       Eta1       617.25       1095.6     0.042053    0.0015768    0.0013966    0.0018314       1.5462     0.049534       0.9963      0.65963            0            0    0.0021063    0.0024167      0.99753      0.66149
     871   Eta1_2p4        568.4       1226.3     0.012469   0.00086226   0.00040525   0.00056745       161.35       2.4577        29.03       16.902            0            0   0.00095274    0.0010322       29.134       17.079
    1029       Eta1       725.68       1327.3      0.02257   0.00069183   0.00070409    0.0012285      0.55037     0.023256      0.44989      0.26271            0            0    0.0009871    0.0014099      0.45049      0.26374
    1029   Eta1_2p4       657.68       1400.7    0.0059631   0.00037921   0.00050128   0.00047412       94.172       1.8144       24.498       20.646            0            0   0.00062856   0.00060712       24.565       20.726
    1218       Eta1       863.09       1575.6     0.010628      0.00027    0.0003384   0.00045351      0.18868     0.010288      0.15564        0.108            0            0   0.00043291    0.0005278      0.15598      0.10849
    1218   Eta1_2p4       771.26       1646.7    0.0024009   0.00012781   8.8581e-05   0.00011338       44.895       1.3034       22.787       7.7183            0            0    0.0001555   0.00017085       22.824       7.8276
    1409       Eta1       994.55       1842.1    0.0049648   0.00011352   0.00020906   0.00020488      0.07156    0.0043502     0.073979     0.044387            0            0   0.00023789   0.00023422     0.074107       0.0446
    1409   Eta1_2p4       949.99       1883.8    0.0010229   4.9551e-05   3.4067e-05   3.9412e-05       20.443      0.90125       11.926       5.3792            0            0   6.0133e-05   6.3314e-05        11.96       5.4542
    1599       Eta1       1118.5       2087.5    0.0022704   4.4223e-05   7.2564e-05   8.4139e-05     0.031821    0.0023075     0.037283     0.021183            0            0   8.4978e-05   9.5053e-05     0.037355     0.021308
    1599   Eta1_2p4       1051.8       2131.3   0.00044993   2.0315e-05   3.1007e-05   2.2478e-05           13      0.69452        9.015       4.0707            0            0   3.7069e-05   3.0297e-05       9.0417       4.1295
