# mass_TeV  exp_m2sigma  exp_m1sigma  exp_median  exp_p1sigma  exp_p2sigma
0.700  6.138887e-04  8.428507e-04  1.237445e-03  1.863873e-03  2.733638e-03
0.800  3.874576e-04  5.428109e-04  8.197451e-04  1.283736e-03  1.947263e-03
0.900  2.564599e-04  3.723821e-04  5.861940e-04  9.588809e-04  1.512270e-03
1.000  1.894914e-04  2.816673e-04  4.576395e-04  7.713968e-04  1.248674e-03
1.200  1.256003e-04  1.959234e-04  3.349342e-04  5.952713e-04  1.000301e-03
1.400  9.294006e-05  1.511596e-04  2.703711e-04  4.956127e-04  8.221565e-04
1.600  7.566344e-05  1.261793e-04  2.333716e-04  4.398825e-04  7.096469e-04
1.800  6.715469e-05  1.144778e-04  2.148950e-04  4.093388e-04  6.534625e-04
2.000  6.325598e-05  1.094942e-04  2.076094e-04  3.979435e-04  6.313080e-04
2.200  6.014773e-05  1.049351e-04  1.999717e-04  3.848979e-04  6.080830e-04
2.400  5.965448e-05  1.049104e-04  2.009414e-04  3.867644e-04  6.110318e-04
2.600  6.062930e-05  1.066248e-04  2.042250e-04  3.947126e-04  6.210167e-04
