# mass_TeV  exp_m2sigma  exp_m1sigma  exp_median  exp_p1sigma  exp_p2sigma
1.100  2.482077e-04  3.621967e-04  5.724430e-04  9.420917e-04  1.491146e-03
1.200  1.970850e-04  2.929548e-04  4.759789e-04  8.004124e-04  1.293221e-03
1.300  1.650557e-04  2.487720e-04  4.142575e-04  7.131334e-04  1.172161e-03
1.400  1.399626e-04  2.170345e-04  3.693860e-04  6.506121e-04  1.086324e-03
1.600  1.116922e-04  1.781436e-04  3.142109e-04  5.697124e-04  9.554223e-04
1.800  9.449934e-05  1.557934e-04  2.813004e-04  5.190107e-04  8.553728e-04
2.000  8.664303e-05  1.444893e-04  2.672363e-04  4.962576e-04  8.126218e-04
2.200  8.336429e-05  1.407170e-04  2.602592e-04  4.843386e-04  7.914080e-04
2.400  8.167912e-05  1.395824e-04  2.581464e-04  4.793776e-04  7.849830e-04
2.600  8.244020e-05  1.408831e-04  2.605518e-04  4.817673e-04  7.922975e-04
