# mass_TeV  exp_m2sigma  exp_m1sigma  exp_median  exp_p1sigma  exp_p2sigma
1.100  2.431422e-04  3.548049e-04  5.607605e-04  9.206302e-04  1.460016e-03
1.200  1.913632e-04  2.844496e-04  4.621601e-04  7.808590e-04  1.266312e-03
1.300  1.572702e-04  2.416064e-04  4.026117e-04  6.979000e-04  1.152317e-03
1.400  1.350481e-04  2.106609e-04  3.601282e-04  6.386125e-04  1.073699e-03
1.600  1.087455e-04  1.745591e-04  3.093204e-04  5.657771e-04  9.405525e-04
1.800  9.173541e-05  1.533701e-04  2.795746e-04  5.225130e-04  8.501255e-04
2.000  8.496176e-05  1.451922e-04  2.685211e-04  5.093469e-04  8.165288e-04
2.200  8.246840e-05  1.416529e-04  2.672394e-04  5.090460e-04  8.126336e-04
2.400  8.256224e-05  1.429127e-04  2.709735e-04  5.193993e-04  8.239885e-04
2.600  8.356703e-05  1.457929e-04  2.778333e-04  5.336554e-04  8.448480e-04
