# mass_TeV  exp_m2sigma  exp_m1sigma  exp_median  exp_p1sigma  exp_p2sigma
0.247  3.570749e+01  5.477608e+01  9.829158e+01  1.985902e+02  2.988896e+02
0.308  5.267278e+00  7.018733e+00  9.842505e+00  1.415810e+01  1.991840e+01
0.432  6.747414e-01  8.863406e-01  1.216435e+00  1.681917e+00  2.237403e+00
0.557  1.546717e-01  2.049348e-01  2.808223e-01  3.866028e-01  5.111955e-01
0.651  8.104569e-02  1.056689e-01  1.440812e-01  1.963438e-01  2.577348e-01
0.745  4.229344e-02  5.582193e-02  7.624732e-02  1.043604e-01  1.371061e-01
0.871  2.230128e-02  2.910341e-02  3.937330e-02  5.310586e-02  6.878559e-02
1.029  1.012294e-02  1.322136e-02  1.774982e-02  2.394058e-02  3.109712e-02
1.218  5.061475e-03  6.580893e-03  8.874916e-03  1.200567e-02  1.572182e-02
1.409  3.396033e-03  4.355384e-03  5.757513e-03  7.662337e-03  9.950628e-03
1.599  1.883439e-03  2.439883e-03  3.280003e-03  4.469758e-03  5.953326e-03
