#   mass        eta         xmin         xmax          sig     sig_stat   sig_systUp   sig_systDn          bkg     bkg_stat   bkg_systUp   bkg_systDn          obs     obs_stat    sig_totUp    sig_totDn    bkg_totUp    bkg_totDn
     700     Eta2p4       498.81       926.59       669.86       9.5533       26.976       27.921       298.77       2.9727        40.34       33.557            0            0       28.617        29.51        40.45       33.688
     800     Eta2p4       565.87       1069.3       320.08       4.2632       12.441       12.841       180.11       2.2827       26.634       22.856            0            0       13.151        13.53       26.732        22.97
     900     Eta2p4       638.32       1192.2       162.28       2.0275       7.0375       7.2299       110.57       1.8371        25.78        14.33            0            0       7.3237       7.5088       25.845       14.447
    1000     Eta2p4       704.42       1316.8       84.315        1.019       3.3018       3.3715       76.677        1.628       22.918       15.434            0            0       3.4554       3.5222       22.976        15.52
    1200     Eta2p4       835.75       1588.9       24.157      0.28049       1.0002       1.0504       42.283       1.3947       17.359       13.998            0            0       1.0388       1.0872       17.415       14.067
    1400     Eta2p4       952.42       1889.1        7.912     0.083613      0.32864      0.33993       25.453         1.19       13.146       9.3151            0            0      0.33911      0.35007         13.2       9.3908
    1600     Eta2p4       1086.3         2166       2.7014     0.029598      0.11511      0.10888       15.403       1.0187       10.113       6.5684            0            0      0.11885      0.11283       10.164       6.6469
    1800     Eta2p4       1201.8       2435.4      0.97134     0.010076      0.04064     0.039808       10.777      0.90092       7.4491       5.4705            0            0     0.041871     0.041064       7.5033       5.5441
    2000     Eta2p4       1320.8       2726.3      0.34758    0.0035296     0.016252      0.01846       7.3465      0.72454       5.6496       3.9965            0            0     0.016631     0.018795       5.6959       4.0616
    2200     Eta2p4         1442       2973.8      0.13215    0.0013793    0.0053995    0.0053654       5.0336      0.52446       3.9492       2.5943            0            0    0.0055729    0.0055398       3.9839       2.6468
    2400     Eta2p4       1562.8       3216.9     0.050105   0.00053915     0.002132    0.0021889       3.9305      0.46999       3.3643       2.3461            0            0    0.0021991    0.0022543        3.397       2.3927
    2600     Eta2p4       1686.8       3466.4     0.018945   0.00020103   0.00078385   0.00079883       2.8516      0.34373       2.4749       1.6953            0            0   0.00080922   0.00082374       2.4986       1.7298
