#   mass        eta         xmin         xmax          sig     sig_stat   sig_systUp   sig_systDn          bkg     bkg_stat   bkg_systUp   bkg_systDn          obs     obs_stat    sig_totUp    sig_totDn    bkg_totUp    bkg_totDn
     247     Eta2p4          300       500.44     0.070908     0.035026     0.028703     0.037515       1638.1       10.201       117.23       120.29            0            0     0.045284     0.051324       117.67       120.72
     308     Eta2p4          300       401.67      0.12696     0.031613     0.024777     0.021935       1284.3       9.4505       89.155       95.216            0            0     0.040166     0.038477       89.654       95.683
     432     Eta2p4          300       675.13       0.3407     0.025586     0.014162     0.033245       1828.2       10.465       133.02       142.37            0            0     0.029244     0.041951       133.43       142.75
     557     Eta2p4       361.42       745.04      0.19287     0.011238     0.011899      0.01042        935.9       6.3201        62.45       54.422            0            0     0.016367     0.015325       62.769       54.787
     651     Eta2p4       433.74       816.62      0.12365    0.0059783    0.0042774    0.0059357       483.95       4.0214       72.468       38.216            0            0    0.0073509    0.0084245       72.579       38.427
     745     Eta2p4       506.09       936.82     0.085806    0.0035019    0.0029498    0.0046403       276.16       2.8632       40.294       28.994            0            0    0.0045787    0.0058134       40.395       29.135
     871     Eta2p4       605.02       1132.1     0.052782    0.0017801     0.001909    0.0023571       141.24       2.0056       21.205       23.687            0            0    0.0026102    0.0029538       21.299       23.772
    1029     Eta2p4       720.52       1337.6     0.026425   0.00075931   0.00082741    0.0010819       66.663       1.5206        24.77       14.273            0            0     0.001123    0.0013218       24.816       14.354
    1218     Eta2p4       843.72       1623.1      0.01262   0.00029556   0.00041675   0.00053908        38.98       1.3472       19.505       10.546            0            0   0.00051091   0.00061478       19.552       10.631
    1409     Eta2p4       978.41       1901.7    0.0057687   0.00012135   0.00020685   0.00022795       24.685       1.1888       12.199       9.8685            0            0   0.00023982   0.00025823       12.257       9.9399
    1599     Eta2p4       1097.9       2165.1    0.0026058    4.756e-05   8.4945e-05   9.8714e-05       15.028       1.0143       9.4603       6.3718            0            0   9.7353e-05   0.00010957       9.5145        6.452
