#   mass        eta         xmin         xmax          sig     sig_stat   sig_systUp   sig_systDn          bkg     bkg_stat   bkg_systUp   bkg_systDn          obs     obs_stat    sig_totUp    sig_totDn    bkg_totUp    bkg_totDn
     700       Eta1       523.17        875.8       466.33        7.964       18.774       20.347       5.6419      0.11047       2.4613       2.2976            0            0       20.393        21.85       2.4638       2.3003
     700   Eta1_2p4       447.05       1039.8       205.59       5.2886       8.4836       8.0348        454.9       4.1843       39.281       50.307            0            0       9.9971       9.6191       39.503       50.481
     800       Eta1       584.18       1026.4       228.09       3.6121       8.8555       9.0687       3.1223     0.066117       1.4867       1.2932            0            0       9.5639       9.7616       1.4882       1.2949
     800   Eta1_2p4       524.28       1164.4       97.156       2.3293       3.7599       4.0654       241.68       2.8876       28.318       34.832            0            0        4.423       4.6854       28.465       34.952
     900       Eta1       661.63       1136.6       112.77       1.6886       4.8295       4.9575       1.5838     0.040586      0.73456       0.7169            0            0       5.1162       5.2372      0.73568      0.71805
     900   Eta1_2p4       594.61       1300.2       50.894        1.136       2.3533       2.2512       143.75       2.2379       34.766       17.714            0            0       2.6132       2.5216       34.838       17.855
    1000       Eta1       721.53       1277.5       59.482      0.85619       2.3629       2.3981      0.94142     0.026952       0.5765      0.43275            0            0       2.5132       2.5463      0.57713      0.43359
    1000   Eta1_2p4       665.47       1400.2       26.207       0.5654       1.0467       1.0401        95.18       1.8898       22.985       15.584            0            0       1.1896       1.1838       23.062       15.698
    1200       Eta1       845.96       1569.4       17.537      0.24091      0.69618      0.70911      0.38153      0.01263      0.27143      0.19296            0            0      0.73668      0.74891      0.27173      0.19338
    1200   Eta1_2p4       809.63       1627.1       7.2779      0.15094       0.3819      0.43679       45.631       1.5257       19.241       11.281            0            0      0.41065      0.46214       19.302       11.384
    1400       Eta1       959.19       1893.3       5.8006      0.07173      0.23686      0.24297      0.18994    0.0067542      0.11905      0.10684            0            0      0.24748      0.25334      0.11924      0.10705
    1400   Eta1_2p4       927.29       1890.6       2.3752      0.04536      0.11119      0.11838       28.749       1.3418       13.284       9.3674            0            0      0.12009      0.12678       13.351        9.463
    1600       Eta1       1098.6         2177        2.009     0.025789     0.093109      0.08174     0.076696    0.0030987     0.059849     0.045369            0            0     0.096614     0.085712     0.059929     0.045474
    1600   Eta1_2p4         1052       2133.3      0.78156     0.015436     0.038322     0.032276       16.437       1.1242        10.88       5.6367            0            0     0.041314     0.035777       10.938       5.7477
    1800       Eta1       1219.3       2437.4      0.72721    0.0086411     0.031874     0.033646     0.038145    0.0018686     0.033517     0.023946            0            0     0.033025     0.034738     0.033569     0.024018
    1800   Eta1_2p4       1150.1       2429.9      0.27908    0.0055085     0.013351     0.011055       12.128      0.99332       8.3011       4.7536            0            0     0.014442     0.012352       8.3603       4.8562
    2000       Eta1       1334.1         2753      0.26608    0.0030949     0.012084     0.013729      0.01927    0.0011162     0.018411     0.012164            0            0     0.012474     0.014074     0.018445     0.012215
    2000   Eta1_2p4       1273.9       2643.7     0.095398    0.0018322    0.0050922    0.0055506       8.1054      0.84985       6.2345        3.595            0            0    0.0054118    0.0058452       6.2922       3.6941
    2200       Eta1       1458.2       2998.2        0.103    0.0012259    0.0042161    0.0041731     0.010946   0.00069418     0.010615    0.0070896            0            0    0.0043907    0.0043495     0.010638    0.0071236
    2200   Eta1_2p4         1381       2896.3      0.03427    0.0006833    0.0014829    0.0017613       5.7343      0.65785       4.6548       2.4062            0            0    0.0016327    0.0018892       4.7011       2.4945
    2400       Eta1       1584.5       3239.7     0.039424   0.00047881    0.0016889    0.0017596    0.0058351   0.00035933    0.0059126    0.0038996            0            0    0.0017555    0.0018236    0.0059235    0.0039162
    2400   Eta1_2p4         1477       3131.8     0.012258   0.00026424   0.00053641   0.00051157       4.6332      0.56084       3.6788       2.1375            0            0   0.00059796   0.00057578       3.7213       2.2099
    2600       Eta1       1709.8       3487.7     0.015394    0.0001819   0.00062354   0.00063158    0.0036187   0.00026467    0.0035575    0.0025264            0            0   0.00064953   0.00065725    0.0035674    0.0025402
    2600   Eta1_2p4       1582.9       3373.6      0.00427   9.3959e-05   0.00020238   0.00022117       3.3886      0.42673       2.9062       1.5845            0            0   0.00022313    0.0002403       2.9373       1.6409
