#   mass        eta         xmin         xmax          sig     sig_stat   sig_systUp   sig_systDn          bkg     bkg_stat   bkg_systUp   bkg_systDn          obs     obs_stat    sig_totUp    sig_totDn    bkg_totUp    bkg_totDn
     247     Eta2p4          300       505.75     0.070908     0.035026     0.028703     0.037515       1469.2       11.725       107.35       110.89            0            0     0.045284     0.051324       107.99       111.51
     308     Eta2p4          300       402.36      0.12696     0.031613     0.024777     0.021935       1147.2        10.78       79.389       89.239            0            0     0.040166     0.038477       80.118       89.888
     432     Eta2p4          300        676.8      0.33676     0.025484     0.013494     0.032247         1644        12.04        122.6       131.21            0            0     0.028836     0.041101       123.19       131.76
     557     Eta2p4       361.28       745.37      0.19232     0.011224     0.012002      0.01043       848.99       7.6833       67.812       53.425            0            0     0.016432     0.015323       68.246       53.975
     651     Eta2p4       437.08       806.02       0.1219    0.0059386     0.004374    0.0057044       442.27       4.8074       64.755       37.269            0            0    0.0073755    0.0082345       64.933       37.577
     745     Eta2p4       506.14       934.55     0.085583    0.0034981    0.0029487    0.0047074       251.44       3.2221       38.942       26.531            0            0    0.0045751    0.0058648       39.075       26.726
     871     Eta2p4       608.19         1123     0.052867    0.0017811    0.0018975    0.0023737       126.51       2.1843       21.199       20.573            0            0    0.0026025    0.0029676       21.311       20.688
    1029     Eta2p4       721.01       1330.5     0.026425   0.00075931   0.00082741    0.0010819       58.417       1.4196       23.925       11.959            0            0     0.001123    0.0013218       23.967       12.043
    1218     Eta2p4       855.14       1585.5     0.012407   0.00029251   0.00039521   0.00052161        31.29       1.0893       14.333       8.2859            0            0   0.00049168   0.00059803       14.374       8.3572
    1409     Eta2p4       993.81       1843.3    0.0056013   0.00011967   0.00020536   0.00022025       16.802      0.80028       11.074       5.4872            0            0   0.00023768   0.00025066       11.103       5.5453
    1599     Eta2p4       1113.4       2089.3    0.0025303   4.6706e-05   8.1836e-05   9.3028e-05       10.995      0.62523       7.3994        4.324            0            0   9.4226e-05   0.00010409       7.4258       4.3689
