# mass_TeV  exp_m2sigma  exp_m1sigma  exp_median  exp_p1sigma  exp_p2sigma
0.700  5.846425e-03  7.687167e-03  1.046633e-02  1.422106e-02  1.851068e-02
0.800  3.645366e-03  4.793107e-03  6.525970e-03  8.893135e-03  1.162029e-02
0.900  2.222728e-03  2.933717e-03  4.007172e-03  5.508611e-03  7.282086e-03
1.000  2.032407e-03  2.642520e-03  3.563672e-03  4.810156e-03  6.252031e-03
1.200  1.576199e-03  2.021463e-03  2.672232e-03  3.535014e-03  4.525814e-03
1.400  9.842033e-04  1.261318e-03  1.679707e-03  2.252162e-03  2.938171e-03
1.600  6.690668e-04  8.635991e-04  1.157305e-03  1.574787e-03  2.093169e-03
1.800  5.247044e-04  6.766835e-04  9.137710e-04  1.254329e-03  1.686020e-03
2.000  4.060802e-04  5.314273e-04  7.269687e-04  1.022537e-03  1.410052e-03
2.200  2.952157e-04  3.949324e-04  5.557002e-04  8.060003e-04  1.144331e-03
2.400  2.701599e-04  3.595511e-04  5.085363e-04  7.457009e-04  1.069415e-03
2.600  2.265526e-04  3.071803e-04  4.461344e-04  6.702015e-04  9.852612e-04
