# mass_TeV  exp_m2sigma  exp_m1sigma  exp_median  exp_p1sigma  exp_p2sigma
0.700  2.328475e-03  3.131028e-03  4.383011e-03  6.199981e-03  8.448400e-03
0.800  1.670106e-03  2.243141e-03  3.167015e-03  4.505144e-03  6.161852e-03
0.900  1.267242e-03  1.708915e-03  2.421000e-03  3.458397e-03  4.758296e-03
1.000  9.709342e-04  1.309335e-03  1.854919e-03  2.664539e-03  3.687538e-03
1.200  6.715799e-04  9.093391e-04  1.292665e-03  1.869758e-03  2.606422e-03
1.400  4.562180e-04  6.254902e-04  8.983984e-04  1.315591e-03  1.859155e-03
1.600  3.227625e-04  4.412768e-04  6.455249e-04  9.620150e-04  1.385261e-03
1.800  2.461949e-04  3.424269e-04  5.082734e-04  7.696274e-04  1.125780e-03
2.000  2.062026e-04  2.875956e-04  4.326875e-04  6.672482e-04  9.952936e-04
2.200  1.723649e-04  2.436781e-04  3.708018e-04  5.806822e-04  8.776165e-04
2.400  1.512857e-04  2.169026e-04  3.338719e-04  5.328306e-04  8.173860e-04
2.600  1.400485e-04  2.023558e-04  3.172781e-04  5.120395e-04  7.958968e-04
