# mass_TeV  exp_m2sigma  exp_m1sigma  exp_median  exp_p1sigma  exp_p2sigma
1.100  2.459716e-04  3.607467e-04  5.724430e-04  9.420917e-04  1.489586e-03
1.200  1.970850e-04  2.929548e-04  4.759789e-04  8.004124e-04  1.293221e-03
1.300  1.650557e-04  2.487720e-04  4.142575e-04  7.131334e-04  1.172161e-03
1.400  1.399626e-04  2.170345e-04  3.693860e-04  6.506121e-04  1.088170e-03
1.600  1.108946e-04  1.788079e-04  3.154335e-04  5.731864e-04  9.591401e-04
1.800  9.507909e-05  1.552809e-04  2.830261e-04  5.244511e-04  8.606206e-04
2.000  8.642220e-05  1.465950e-04  2.698059e-04  5.085576e-04  8.204356e-04
2.200  8.320069e-05  1.432612e-04  2.662422e-04  5.039629e-04  8.096013e-04
2.400  8.312593e-05  1.435098e-04  2.693701e-04  5.109573e-04  8.191128e-04
2.600  8.343721e-05  1.459148e-04  2.738452e-04  5.205375e-04  8.327209e-04
