# mass_TeV  exp_m2sigma  exp_m1sigma  exp_median  exp_p1sigma  exp_p2sigma
1.100  2.287536e-03  2.963366e-03  3.983736e-03  5.349359e-03  6.914994e-03
1.200  2.141185e-03  2.767705e-03  3.654289e-03  4.819581e-03  6.146922e-03
1.300  1.554298e-03  2.015073e-03  2.688515e-03  3.591383e-03  4.647851e-03
1.400  1.395178e-03  1.795711e-03  2.381104e-03  3.173618e-03  4.114900e-03
1.600  9.146273e-04  1.180557e-03  1.582058e-03  2.143305e-03  2.833626e-03
1.800  6.594325e-04  8.535078e-04  1.156265e-03  1.596417e-03  2.156930e-03
2.000  5.202396e-04  6.833869e-04  9.378967e-04  1.321093e-03  1.823424e-03
2.200  4.095998e-04  5.436751e-04  7.598373e-04  1.097542e-03  1.550053e-03
2.400  3.508175e-04  4.705929e-04  6.702185e-04  9.841221e-04  1.414333e-03
2.600  3.249004e-04  4.369695e-04  6.301099e-04  9.365306e-04  1.365080e-03
