# mass_TeV  exp_m2sigma  exp_m1sigma  exp_median  exp_p1sigma  exp_p2sigma
0.247  3.276530e+01  5.026269e+01  9.019265e+01  1.822270e+02  2.742620e+02
0.308  4.880924e+00  6.529582e+00  9.187622e+00  1.317945e+01  1.851221e+01
0.432  6.261805e-01  8.225509e-01  1.128889e+00  1.556370e+00  2.069452e+00
0.557  1.506291e-01  1.988111e-01  2.715566e-01  3.738468e-01  4.934460e-01
0.651  7.865116e-02  1.030248e-01  1.398243e-01  1.905427e-01  2.498908e-01
0.745  3.942632e-02  5.183967e-02  7.058138e-02  9.674604e-02  1.274252e-01
0.871  1.971163e-02  2.582018e-02  3.504290e-02  4.740480e-02  6.167377e-02
1.029  8.783394e-03  1.146242e-02  1.550723e-02  2.107036e-02  2.761705e-02
1.218  4.234171e-03  5.520595e-03  7.527416e-03  1.028784e-02  1.363523e-02
1.409  2.236129e-03  2.951405e-03  4.031331e-03  5.598064e-03  7.552671e-03
1.599  1.440077e-03  1.898879e-03  2.614609e-03  3.672436e-03  5.021910e-03
