# mass_TeV  exp_m2sigma  exp_m1sigma  exp_median  exp_p1sigma  exp_p2sigma
1.100  2.271974e-03  2.967378e-03  3.983736e-03  5.365239e-03  6.956856e-03
1.200  2.166376e-03  2.788306e-03  3.697281e-03  4.891020e-03  6.243274e-03
1.300  1.565839e-03  2.021110e-03  2.708479e-03  3.631547e-03  4.708488e-03
1.400  1.421216e-03  1.829223e-03  2.425542e-03  3.240097e-03  4.201306e-03
1.600  9.267005e-04  1.200485e-03  1.613846e-03  2.191195e-03  2.899442e-03
1.800  6.734881e-04  8.748814e-04  1.189055e-03  1.644059e-03  2.217849e-03
2.000  5.373434e-04  7.058544e-04  9.687317e-04  1.366457e-03  1.883127e-03
2.200  4.246507e-04  5.608159e-04  7.877579e-04  1.136302e-03  1.603566e-03
2.400  3.642459e-04  4.886060e-04  6.958728e-04  1.020405e-03  1.461230e-03
2.600  3.386093e-04  4.578921e-04  6.566968e-04  9.760466e-04  1.414703e-03
