# mass_TeV  exp_m2sigma  exp_m1sigma  exp_median  exp_p1sigma  exp_p2sigma
1.100  2.052654e-04  3.083915e-04  5.052686e-04  8.526874e-04  1.372185e-03
1.200  1.655370e-04  2.543062e-04  4.237747e-04  7.328955e-04  1.197461e-03
1.300  1.418356e-04  2.199389e-04  3.743291e-04  6.563345e-04  1.085567e-03
1.400  1.250959e-04  1.958367e-04  3.406868e-04  6.054953e-04  1.012437e-03
1.600  1.004451e-04  1.641150e-04  2.922039e-04  5.298103e-04  8.885056e-04
1.800  8.652440e-05  1.436400e-04  2.605911e-04  4.808013e-04  7.924005e-04
2.000  8.060301e-05  1.357293e-04  2.486069e-04  4.626537e-04  7.559727e-04
2.200  7.666850e-05  1.310197e-04  2.423103e-04  4.528677e-04  7.368281e-04
2.400  7.515907e-05  1.294145e-04  2.405090e-04  4.495011e-04  7.313507e-04
2.600  7.602196e-05  1.309003e-04  2.432703e-04  4.546617e-04  7.397472e-04
