#   mass        eta         xmin         xmax          sig     sig_stat   sig_systUp   sig_systDn          bkg     bkg_stat   bkg_systUp   bkg_systDn          obs     obs_stat    sig_totUp    sig_totDn    bkg_totUp    bkg_totDn
    1100       Eta1       757.07       1424.7       1451.8       21.793       60.928       62.321      0.43859     0.020017      0.34596      0.22361            0            0       64.709       66.022      0.34654      0.22451
    1100   Eta1_2p4       681.72       1653.9       564.51       13.488       24.619       26.082       76.756       1.6459       22.608       12.496            0            0       28.071       29.363       22.667       12.604
    1200       Eta1       827.25       1577.6       804.09       11.807       34.546       32.905      0.25666     0.013464      0.21323      0.14278            0            0       36.508       34.959      0.21365      0.14342
    1200   Eta1_2p4       747.26       1820.6       305.79       7.1875       15.331       13.464       57.462       1.4252       16.763       13.079            0            0       16.932       15.262       16.823       13.157
    1300       Eta1       894.64       1695.5       453.44       6.4512       19.776       21.244      0.14791    0.0079602      0.13774     0.085613            0            0       20.802       22.202      0.13797     0.085982
    1300   Eta1_2p4       823.61       1850.9       175.54       3.9803        8.345       8.7772       36.478       1.1695        17.38       8.5842            0            0       9.2456       9.6375       17.419       8.6635
    1400       Eta1       952.35       1831.2        260.2       3.6972       11.254       11.725     0.096551     0.005604     0.086381     0.058947            0            0       11.846       12.294     0.086562     0.059213
    1400   Eta1_2p4       876.64       2062.6       96.224       2.1937       5.4737       6.2247        29.78       1.0321       14.702       8.4722            0            0       5.8969       6.5999       14.739       8.5349
    1600       Eta1       1076.1       2073.8       91.059       1.2936       3.8255       3.6798     0.041349    0.0027378     0.045977      0.02687            0            0       4.0383       3.9005     0.046059      0.02701
    1600   Eta1_2p4        996.7       2270.1        34.67      0.77491        1.661       2.0982           17      0.80355       10.931       5.2451            0            0       1.8329       2.2367       10.961       5.3063
    1800       Eta1       1197.1       2300.1       33.524      0.46928       1.3663       1.3908     0.019295    0.0016028     0.022835     0.013255            0            0       1.4447       1.4678     0.022891     0.013351
    1800   Eta1_2p4       1135.3       2470.2       12.236      0.28025      0.53556      0.49182       9.8144      0.58857        6.702       3.4222            0            0      0.60446      0.56606       6.7278       3.4725
    2000       Eta1       1320.2       2557.3       12.316      0.17024      0.54305      0.64029    0.0091968   0.00096842     0.012343     0.006894            0            0      0.56911      0.66254     0.012381    0.0069617
    2000   Eta1_2p4       1255.4       2681.7       4.5572      0.10228      0.22026      0.26447       5.9824      0.41614       5.0792       2.0973            0            0      0.24285      0.28356       5.0962       2.1382
    2200       Eta1       1429.3       2803.7       4.7549     0.065124      0.20916      0.23291    0.0051291   0.00059116    0.0075122    0.0039098            0            0      0.21907      0.24184    0.0075354    0.0039542
    2200   Eta1_2p4       1372.9       2901.9       1.7511      0.03915     0.089462     0.082061       4.0923      0.29661       3.2675       1.6669            0            0     0.097653     0.090921       3.2809       1.6931
    2400       Eta1       1534.4       3030.7       1.8448     0.025803     0.077369     0.079603    0.0030825   0.00039327    0.0043484    0.0024897            0            0     0.081558     0.083681    0.0043662    0.0025206
    2400   Eta1_2p4       1502.8       3065.3      0.71196     0.015936     0.030473      0.02935       2.9117      0.24047       2.1052       1.3997            0            0     0.034388     0.033398       2.1189       1.4202
    2600       Eta1       1625.7         3245      0.73154     0.010647     0.030305     0.033024    0.0020359   0.00027655    0.0027802    0.0017046            0            0     0.032121     0.034698    0.0027939    0.0017269
    2600   Eta1_2p4       1626.9       3294.4      0.27282    0.0064018     0.013389     0.015271        2.059      0.18432       1.2546       1.0307            0            0     0.014841     0.016559       1.2681       1.0471
