# mass_TeV  exp_m2sigma  exp_m1sigma  exp_median  exp_p1sigma  exp_p2sigma
1.100  1.112942e-03  1.500836e-03  2.126217e-03  3.050013e-03  4.224092e-03
1.200  9.547886e-04  1.287562e-03  1.824074e-03  2.616595e-03  3.612387e-03
1.300  8.116183e-04  1.094492e-03  1.550554e-03  2.227327e-03  3.082468e-03
1.400  7.225418e-04  9.704556e-04  1.370153e-03  1.970917e-03  2.738491e-03
1.600  5.386363e-04  7.254378e-04  1.036774e-03  1.503760e-03  2.115663e-03
1.800  4.118925e-04  5.615996e-04  8.111115e-04  1.197470e-03  1.710523e-03
2.000  3.417542e-04  4.672420e-04  6.835083e-04  1.025432e-03  1.490240e-03
2.200  2.931111e-04  4.059039e-04  6.002914e-04  9.113538e-04  1.341598e-03
2.400  2.575075e-04  3.613614e-04  5.403436e-04  8.332649e-04  1.241349e-03
2.600  2.411516e-04  3.393707e-04  5.144568e-04  8.015473e-04  1.206806e-03
