#   mass        eta         xmin         xmax          sig     sig_stat   sig_systUp   sig_systDn          bkg     bkg_stat   bkg_systUp   bkg_systDn          obs     obs_stat    sig_totUp    sig_totDn    bkg_totUp    bkg_totDn
    1100       Eta1        746.2       1451.4       1469.1       21.944       61.633       62.219      0.85537     0.025569       0.4382      0.42343            0            0       65.423       65.976      0.43895      0.42421
    1100   Eta1_2p4       673.18       1685.7       574.03       13.603       24.871       26.526       95.832       1.9512       23.265       23.119            0            0       28.348       29.811       23.347       23.201
    1200       Eta1       808.39         1634       823.57       11.964       34.829       33.333       0.5275     0.016932      0.31656      0.26663            0            0       36.827       35.415      0.31701      0.26717
    1200   Eta1_2p4        741.8       1833.7       307.98       7.2104       15.533       13.685       66.205       1.7061       18.817       16.066            0            0       17.125       15.469       18.894       16.156
    1300       Eta1        878.5       1750.3       464.48       6.5331       20.198       21.439      0.33252     0.011861      0.19593      0.18657            0            0       21.229       22.412      0.19629      0.18695
    1300   Eta1_2p4          817       1869.5       177.34       4.0033       8.3263       8.7793       45.205       1.5367       18.925       11.001            0            0       9.2387        9.649       18.987       11.108
    1400       Eta1       933.91       1894.8       265.69       3.7414       11.295       11.704      0.20842    0.0070237      0.14452      0.11337            0            0       11.898       12.287      0.14469      0.11359
    1400   Eta1_2p4       870.06       2092.8       96.931       2.2016       5.5232       6.3123        35.78       1.4171       16.575       10.888            0            0       5.9458       6.6852       16.636        10.98
    1600       Eta1       1064.2       2125.9       92.363       1.3032       3.8563       3.7345     0.094919     0.003683     0.063014     0.056033            0            0       4.0705       3.9554     0.063122     0.056154
    1600   Eta1_2p4       993.24       2276.5       34.781      0.77588       1.6773        2.119       21.551       1.2213       12.844       7.4434            0            0        1.848       2.2565       12.902       7.5429
    1800       Eta1         1184       2368.6        33.99      0.47225       1.3888       1.4171     0.045386    0.0020915     0.034956     0.027356            0            0       1.4669       1.4937     0.035019     0.027436
    1800   Eta1_2p4       1127.4       2484.8       12.301      0.28115      0.53194      0.49251       14.167       1.0783       8.9257       6.2259            0            0      0.60167      0.56711       8.9906       6.3186
    2000       Eta1       1307.8       2655.1       12.692      0.17309      0.55049       0.6377     0.022402    0.0012395     0.020501     0.013512            0            0      0.57706      0.66078     0.020538     0.013568
    2000   Eta1_2p4       1247.9       2716.7       4.6005      0.10288      0.21995      0.25766       8.9826      0.86349       6.6052       3.6976            0            0      0.24283      0.27744       6.6614       3.7971
    2200       Eta1       1423.6       2916.8       4.8638      0.06593      0.21264      0.23385     0.012156   0.00073205     0.011913    0.0076187            0            0      0.22263      0.24297     0.011935    0.0076538
    2200   Eta1_2p4         1370       2921.4       1.7593     0.039246     0.089723     0.081987       5.8008      0.65857       4.7388       2.3692            0            0     0.097931     0.090897       4.7844        2.459
    2400       Eta1       1534.4       3142.9       1.9025     0.026186     0.079771     0.083162    0.0074746   0.00047763    0.0068906    0.0049588            0            0     0.083959     0.087188    0.0069071    0.0049818
    2400   Eta1_2p4       1497.2       3103.5      0.71984      0.01601     0.031131     0.029837        4.472      0.55981        3.503       2.1404            0            0     0.035006      0.03386       3.5475       2.2124
    2600       Eta1       1636.6       3372.7       0.7653     0.010898     0.031424     0.034802    0.0048144   0.00032587    0.0044511    0.0032373            0            0      0.03326     0.036469     0.004463    0.0032537
    2600   Eta1_2p4       1626.2       3325.1      0.27459    0.0064224     0.013437     0.015418       3.1703      0.42409       2.5434       1.5533            0            0     0.014893     0.016702       2.5785       1.6101
