# mass_TeV  exp_m2sigma  exp_m1sigma  exp_median  exp_p1sigma  exp_p2sigma
1.100  2.371869e-04  3.478629e-04  5.519986e-04  9.150465e-04  1.454865e-03
1.200  1.882983e-04  2.813827e-04  4.590893e-04  7.802454e-04  1.266133e-03
1.300  1.566203e-04  2.406080e-04  4.009480e-04  6.966143e-04  1.152877e-03
1.400  1.350481e-04  2.106609e-04  3.601282e-04  6.386125e-04  1.073699e-03
1.600  1.075372e-04  1.737473e-04  3.093204e-04  5.657771e-04  9.405525e-04
1.800  9.173541e-05  1.533701e-04  2.795746e-04  5.202842e-04  8.501254e-04
2.000  8.559914e-05  1.437798e-04  2.672363e-04  5.047794e-04  8.126219e-04
2.200  8.288908e-05  1.413000e-04  2.652451e-04  5.010181e-04  8.065692e-04
2.400  8.263114e-05  1.419324e-04  2.677667e-04  5.079159e-04  8.142371e-04
2.600  8.303218e-05  1.452065e-04  2.725159e-04  5.158381e-04  8.286785e-04
