# mass_TeV  exp_m2sigma  exp_m1sigma  exp_median  exp_p1sigma  exp_p2sigma
1.100  1.915407e-04  2.893450e-04  4.760623e-04  8.176311e-04  1.335662e-03
1.200  1.563485e-04  2.410289e-04  4.084206e-04  7.177371e-04  1.196898e-03
1.300  1.311517e-04  2.074750e-04  3.610196e-04  6.502666e-04  1.097589e-03
1.400  1.171689e-04  1.880806e-04  3.332806e-04  6.096025e-04  1.013359e-03
1.600  9.628057e-05  1.609691e-04  2.934265e-04  5.484016e-04  8.922252e-04
1.800  8.572893e-05  1.450562e-04  2.709457e-04  5.107060e-04  8.238873e-04
2.000  8.246746e-05  1.416512e-04  2.672363e-04  5.069098e-04  8.126220e-04
2.200  8.081685e-05  1.398915e-04  2.652451e-04  5.010181e-04  8.065692e-04
2.400  8.231797e-05  1.439575e-04  2.701718e-04  5.092473e-04  8.215506e-04
2.600  8.505735e-05  1.487481e-04  2.791626e-04  5.228558e-04  8.488902e-04
