# mass_TeV  exp_m2sigma  exp_m1sigma  exp_median  exp_p1sigma  exp_p2sigma
0.700  4.669753e-04  6.632385e-04  1.013099e-03  1.590570e-03  2.408387e-03
0.800  3.061548e-04  4.445395e-04  6.997824e-04  1.132134e-03  1.764235e-03
0.900  2.222544e-04  3.310610e-04  5.317488e-04  8.878371e-04  1.414750e-03
1.000  1.661363e-04  2.537794e-04  4.210979e-04  7.249090e-04  1.180665e-03
1.200  1.131252e-04  1.797326e-04  3.113983e-04  5.559240e-04  9.316436e-04
1.400  8.537247e-05  1.397882e-04  2.512109e-04  4.594892e-04  7.638935e-04
1.600  7.035373e-05  1.184703e-04  2.169946e-04  4.020939e-04  6.598470e-04
1.800  6.178597e-05  1.055868e-04  1.952742e-04  3.634023e-04  5.937985e-04
2.000  5.815918e-05  1.001428e-04  1.861094e-04  3.485723e-04  5.659298e-04
2.200  5.526855e-05  9.469058e-05  1.768594e-04  3.312476e-04  5.378019e-04
2.400  5.390036e-05  9.352607e-05  1.746645e-04  3.264404e-04  5.311275e-04
2.600  5.401934e-05  9.373252e-05  1.750500e-04  3.285565e-04  5.322999e-04
