#   mass        eta         xmin         xmax          sig     sig_stat   sig_systUp   sig_systDn          bkg     bkg_stat   bkg_systUp   bkg_systDn          obs     obs_stat    sig_totUp    sig_totDn    bkg_totUp    bkg_totDn
     700       Eta1       523.17        875.8       466.33        7.964       18.774       20.347       5.6419      0.11047       2.4613       2.2976            0            0       20.393        21.85       2.4638       2.3003
     800       Eta1       584.18       1026.4       228.09       3.6121       8.8555       9.0687       3.1223     0.066117       1.4867       1.2932            0            0       9.5639       9.7616       1.4882       1.2949
     900       Eta1       661.63       1136.6       112.77       1.6886       4.8295       4.9575       1.5838     0.040586      0.73456       0.7169            0            0       5.1162       5.2372      0.73568      0.71805
    1000       Eta1       721.53       1277.5       59.482      0.85619       2.3629       2.3981      0.94142     0.026952       0.5765      0.43275            0            0       2.5132       2.5463      0.57713      0.43359
    1200       Eta1       845.96       1569.4       17.537      0.24091      0.69618      0.70911      0.38153      0.01263      0.27143      0.19296            0            0      0.73668      0.74891      0.27173      0.19338
    1400       Eta1       959.19       1893.3       5.8006      0.07173      0.23686      0.24297      0.18994    0.0067542      0.11905      0.10684            0            0      0.24748      0.25334      0.11924      0.10705
    1600       Eta1       1098.6         2177        2.009     0.025789     0.093109      0.08174     0.076696    0.0030987     0.059849     0.045369            0            0     0.096614     0.085712     0.059929     0.045474
    1800       Eta1       1219.3       2437.4      0.72721    0.0086411     0.031874     0.033646     0.038145    0.0018686     0.033517     0.023946            0            0     0.033025     0.034738     0.033569     0.024018
    2000       Eta1       1334.1         2753      0.26608    0.0030949     0.012084     0.013729      0.01927    0.0011162     0.018411     0.012164            0            0     0.012474     0.014074     0.018445     0.012215
    2200       Eta1       1458.2       2998.2        0.103    0.0012259    0.0042161    0.0041731     0.010946   0.00069418     0.010615    0.0070896            0            0    0.0043907    0.0043495     0.010638    0.0071236
    2400       Eta1       1584.5       3239.7     0.039424   0.00047881    0.0016889    0.0017596    0.0058351   0.00035933    0.0059126    0.0038996            0            0    0.0017555    0.0018236    0.0059235    0.0039162
    2600       Eta1       1709.8       3487.7     0.015394    0.0001819   0.00062354   0.00063158    0.0036187   0.00026467    0.0035575    0.0025264            0            0   0.00064953   0.00065725    0.0035674    0.0025402
