# mass_TeV  exp_m2sigma  exp_m1sigma  exp_median  exp_p1sigma  exp_p2sigma
1.100  2.066401e-04  3.087917e-04  5.038083e-04  8.492189e-04  1.362644e-03
1.200  1.649372e-04  2.533848e-04  4.222393e-04  7.268739e-04  1.184953e-03
1.300  1.420241e-04  2.189463e-04  3.710017e-04  6.490215e-04  1.070141e-03
1.400  1.237362e-04  1.953740e-04  3.369837e-04  5.975706e-04  9.913472e-04
1.600  9.988632e-05  1.628501e-04  2.873135e-04  5.175075e-04  8.674175e-04
1.800  8.580308e-05  1.414566e-04  2.554138e-04  4.641224e-04  7.766570e-04
2.000  7.883391e-05  1.324310e-04  2.402557e-04  4.413664e-04  7.305782e-04
2.200  7.500527e-05  1.263031e-04  2.313416e-04  4.259125e-04  7.034738e-04
2.400  7.381874e-05  1.243051e-04  2.276819e-04  4.191749e-04  6.923453e-04
2.600  7.323864e-05  1.242322e-04  2.286475e-04  4.236868e-04  6.952815e-04
