# mass_TeV  exp_m2sigma  exp_m1sigma  exp_median  exp_p1sigma  exp_p2sigma
1.100  2.494741e-04  3.640446e-04  5.753636e-04  9.446049e-04  1.491748e-03
1.200  1.964492e-04  2.920097e-04  4.744434e-04  7.997215e-04  1.292012e-03
1.300  1.650557e-04  2.487720e-04  4.142575e-04  7.131334e-04  1.172161e-03
1.400  1.399626e-04  2.170345e-04  3.693860e-04  6.506121e-04  1.088170e-03
1.600  1.108946e-04  1.788079e-04  3.154335e-04  5.731864e-04  9.591401e-04
1.800  9.507909e-05  1.560150e-04  2.830261e-04  5.244511e-04  8.606206e-04
2.000  8.642220e-05  1.465950e-04  2.698059e-04  5.085576e-04  8.204356e-04
2.200  8.351231e-05  1.423624e-04  2.672394e-04  5.058504e-04  8.126336e-04
2.400  8.337333e-05  1.432072e-04  2.701718e-04  5.124780e-04  8.215507e-04
2.600  8.384225e-05  1.458758e-04  2.751746e-04  5.219675e-04  8.367632e-04
