#   mass        eta         xmin         xmax          sig     sig_stat   sig_systUp   sig_systDn          bkg     bkg_stat   bkg_systUp   bkg_systDn          obs     obs_stat    sig_totUp    sig_totDn    bkg_totUp    bkg_totDn
     700       Eta1       524.82        871.5       464.09       7.9453       18.697       20.196       3.9188      0.11709       1.9894       1.3775            0            0       20.316       21.702       1.9929       1.3824
     800       Eta1       588.65       1016.4       226.94       3.6016        8.817       9.0121       2.0449     0.063359       1.1854      0.79354            0            0       9.5242       9.7051       1.1871      0.79606
     900       Eta1        663.3       1132.6       112.53       1.6867       4.8267       4.9514      0.96573     0.035416      0.60758      0.43715            0            0       5.1129       5.2308      0.60861      0.43859
    1000       Eta1       722.77       1273.6       59.429      0.85592       2.3622       2.3935      0.54715     0.023246      0.44709      0.26051            0            0       2.5125        2.542       0.4477      0.26155
    1200       Eta1       854.22       1544.2        17.35      0.23972      0.68999      0.70144      0.20029     0.010555      0.16707      0.11196            0            0      0.73045      0.74127       0.1674      0.11246
    1400       Eta1        973.9       1841.3       5.7024     0.071159      0.23253       0.2372     0.085446    0.0052074     0.080842     0.053555            0            0      0.24317      0.24764      0.08101     0.053808
    1600       Eta1       1116.2       2103.2       1.9698     0.025569     0.092691     0.080304     0.031827    0.0023075     0.037321     0.021173            0            0     0.096153     0.084277     0.037392     0.021298
    1800       Eta1       1230.3       2373.3      0.71128    0.0085383     0.031501     0.033355     0.015037    0.0013484     0.017972     0.010551            0            0     0.032638     0.034431     0.018023     0.010637
    2000       Eta1       1342.8       2663.9      0.26101    0.0030653     0.011794     0.013589    0.0080012   0.00088385     0.011745      0.00594            0            0     0.012186      0.01393     0.011778    0.0060054
    2200       Eta1       1464.4       2883.5      0.10019    0.0012103    0.0041195    0.0040612    0.0040558   0.00048937    0.0062406    0.0031477            0            0    0.0042936    0.0042376    0.0062598    0.0031855
    2400       Eta1       1581.6       3120.2     0.038196   0.00047107    0.0016442    0.0017241    0.0023577   0.00029421    0.0036692    0.0019309            0            0    0.0017104    0.0017873     0.003681    0.0019532
    2600       Eta1       1694.4       3354.6     0.014708   0.00017768   0.00059731   0.00060292    0.0015345   0.00022543    0.0021793    0.0013258            0            0   0.00062318   0.00062855    0.0021909    0.0013448
