#   mass        eta         xmin         xmax          sig     sig_stat   sig_systUp   sig_systDn          bkg     bkg_stat   bkg_systUp   bkg_systDn          obs     obs_stat    sig_totUp    sig_totDn    bkg_totUp    bkg_totDn
    1100       Eta1       757.07       1424.7       1451.8       21.793       60.928       62.321      0.43859     0.020017      0.34596      0.22361            0            0       64.709       66.022      0.34654      0.22451
    1200       Eta1       827.25       1577.6       804.09       11.807       34.546       32.905      0.25666     0.013464      0.21323      0.14278            0            0       36.508       34.959      0.21365      0.14342
    1300       Eta1       894.64       1695.5       453.44       6.4512       19.776       21.244      0.14791    0.0079602      0.13774     0.085613            0            0       20.802       22.202      0.13797     0.085982
    1400       Eta1       952.35       1831.2        260.2       3.6972       11.254       11.725     0.096551     0.005604     0.086381     0.058947            0            0       11.846       12.294     0.086562     0.059213
    1600       Eta1       1076.1       2073.8       91.059       1.2936       3.8255       3.6798     0.041349    0.0027378     0.045977      0.02687            0            0       4.0383       3.9005     0.046059      0.02701
    1800       Eta1       1197.1       2300.1       33.524      0.46928       1.3663       1.3908     0.019295    0.0016028     0.022835     0.013255            0            0       1.4447       1.4678     0.022891     0.013351
    2000       Eta1       1320.2       2557.3       12.316      0.17024      0.54305      0.64029    0.0091968   0.00096842     0.012343     0.006894            0            0      0.56911      0.66254     0.012381    0.0069617
    2200       Eta1       1429.3       2803.7       4.7549     0.065124      0.20916      0.23291    0.0051291   0.00059116    0.0075122    0.0039098            0            0      0.21907      0.24184    0.0075354    0.0039542
    2400       Eta1       1534.4       3030.7       1.8448     0.025803     0.077369     0.079603    0.0030825   0.00039327    0.0043484    0.0024897            0            0     0.081558     0.083681    0.0043662    0.0025206
    2600       Eta1       1625.7         3245      0.73154     0.010647     0.030305     0.033024    0.0020359   0.00027655    0.0027802    0.0017046            0            0     0.032121     0.034698    0.0027939    0.0017269
