#   mass        eta         xmin         xmax          sig     sig_stat   sig_systUp   sig_systDn          bkg     bkg_stat   bkg_systUp   bkg_systDn          obs     obs_stat    sig_totUp    sig_totDn    bkg_totUp    bkg_totDn
     700     Eta2p4       501.98       917.22       654.85       9.4458       26.209        27.47       248.33       3.2085       39.454       25.038            0            0       27.859       29.049       39.584       25.243
     800     Eta2p4       568.42       1061.8       317.39       4.2439       12.383       12.743        162.4       2.4633       27.285       19.183            0            0        13.09       13.431       27.395        19.34
     900     Eta2p4       639.73       1188.9       161.13       2.0197       6.9967       7.2205        98.28       1.8828       24.518       12.433            0            0       7.2824       7.4977        24.59       12.575
    1000     Eta2p4       707.13         1310       83.995       1.0172        3.289       3.3536       67.504       1.5631       21.972       12.886            0            0       3.4427       3.5045       22.027       12.981
    1200     Eta2p4       843.04       1568.3       23.876       0.2789       0.9918       1.0348       32.438       1.1115       18.096       7.9095            0            0       1.0303       1.0717        18.13       7.9872
    1400     Eta2p4       964.19       1849.2       7.8183     0.083141      0.32382      0.33429       20.002      0.88115       11.352       6.6891            0            0      0.33432      0.34447       11.387       6.7469
    1600     Eta2p4       1100.7       2107.7       2.6471     0.029333      0.11383      0.10667        11.24      0.62992       7.3146       4.2109            0            0      0.11755      0.11063       7.3417       4.2577
    1800     Eta2p4       1211.2       2382.5      0.96156     0.010023     0.040144     0.039519       7.2873      0.48369       6.0754       3.1128            0            0     0.041377      0.04077       6.0946       3.1501
    2000     Eta2p4       1328.9         2653      0.34467    0.0035181      0.01591     0.017937       5.1229      0.36441       3.9244       2.4379            0            0     0.016294     0.018279       3.9413       2.4649
    2200     Eta2p4       1448.4       2879.3       0.1297     0.001367    0.0053098    0.0052526       3.4358      0.24609        2.604       1.6014            0            0     0.005483    0.0054276       2.6156       1.6202
    2400     Eta2p4       1561.9       3119.6     0.048817   0.00053205    0.0020846    0.0021409       2.5378      0.21407       1.8173       1.3696            0            0    0.0021514    0.0022061       1.8298       1.3862
    2600     Eta2p4       1673.9       3353.8     0.018326    0.0001977   0.00075878   0.00076861       1.8143      0.15922       1.1666      0.95804            0            0   0.00078412   0.00079362       1.1774      0.97118
