# mass_TeV  exp_m2sigma  exp_m1sigma  exp_median  exp_p1sigma  exp_p2sigma
0.700  7.411164e-04  1.010484e-03  1.459429e-03  2.163328e-03  3.114033e-03
0.800  4.516408e-04  6.337895e-04  9.477053e-04  1.457680e-03  2.175320e-03
0.900  3.075590e-04  4.409561e-04  6.787510e-04  1.085933e-03  1.674291e-03
1.000  2.271001e-04  3.313954e-04  5.237623e-04  8.619760e-04  1.361484e-03
1.200  1.478774e-04  2.228808e-04  3.711433e-04  6.403929e-04  1.052311e-03
1.400  1.082333e-04  1.698532e-04  2.916602e-04  5.206864e-04  8.754519e-04
1.600  8.350540e-05  1.358149e-04  2.429248e-04  4.462696e-04  7.386966e-04
1.800  7.173873e-05  1.187906e-04  2.186323e-04  4.086145e-04  6.648270e-04
2.000  6.568890e-05  1.111478e-04  2.076094e-04  3.921508e-04  6.313080e-04
2.200  6.077971e-05  1.043990e-04  1.969570e-04  3.728148e-04  5.989158e-04
2.400  5.934051e-05  1.027166e-04  1.947586e-04  3.717587e-04  5.922308e-04
2.600  5.926172e-05  1.025802e-04  1.945000e-04  3.712651e-04  5.914444e-04
