# mass_TeV  exp_m2sigma  exp_m1sigma  exp_median  exp_p1sigma  exp_p2sigma
0.700  6.044056e-04  8.333813e-04  1.227999e-03  1.856988e-03  2.725915e-03
0.800  3.764064e-04  5.321386e-04  8.097482e-04  1.274536e-03  1.940348e-03
0.900  2.525963e-04  3.686007e-04  5.825644e-04  9.564267e-04  1.512009e-03
1.000  1.869900e-04  2.794276e-04  4.558994e-04  7.720982e-04  1.249562e-03
1.200  1.256003e-04  1.959234e-04  3.349342e-04  5.952713e-04  9.986479e-04
1.400  9.294006e-05  1.511596e-04  2.703711e-04  4.945349e-04  8.221565e-04
1.600  7.566344e-05  1.261793e-04  2.333716e-04  4.361615e-04  7.096468e-04
1.800  6.686272e-05  1.139800e-04  2.139607e-04  4.050005e-04  6.506213e-04
2.000  6.264185e-05  1.095479e-04  2.055937e-04  3.908020e-04  6.251788e-04
2.200  6.031652e-05  1.044061e-04  1.979619e-04  3.747169e-04  6.019715e-04
2.400  5.950957e-05  1.043621e-04  1.978500e-04  3.760823e-04  6.016312e-04
2.600  6.033014e-05  1.063490e-04  2.005781e-04  3.812681e-04  6.099270e-04
