# mass_TeV  exp_m2sigma  exp_m1sigma  exp_median  exp_p1sigma  exp_p2sigma
1.100  1.677079e-04  2.606532e-04  4.380941e-04  7.646451e-04  1.261238e-03
1.200  1.375636e-04  2.172070e-04  3.746414e-04  6.673354e-04  1.117110e-03
1.300  1.181476e-04  1.913540e-04  3.360643e-04  6.066568e-04  1.021720e-03
1.400  1.062910e-04  1.728739e-04  3.092103e-04  5.643431e-04  9.400798e-04
1.600  8.946070e-05  1.495671e-04  2.726421e-04  5.030360e-04  8.290251e-04
1.800  7.960110e-05  1.350246e-04  2.485107e-04  4.624748e-04  7.556669e-04
2.000  7.528067e-05  1.296239e-04  2.408981e-04  4.511886e-04  7.325317e-04
2.200  7.416391e-05  1.277010e-04  2.373245e-04  4.444954e-04  7.216671e-04
2.400  7.415695e-05  1.276890e-04  2.373022e-04  4.425619e-04  7.215993e-04
2.600  7.602196e-05  1.309003e-04  2.432703e-04  4.527224e-04  7.397471e-04
