# mass_TeV  exp_m2sigma  exp_m1sigma  exp_median  exp_p1sigma  exp_p2sigma
1.100  1.993328e-04  2.994784e-04  4.906654e-04  8.348886e-04  1.348290e-03
1.200  1.597252e-04  2.467976e-04  4.130268e-04  7.176002e-04  1.181300e-03
1.300  1.366301e-04  2.131288e-04  3.643470e-04  6.446414e-04  1.071732e-03
1.400  1.197727e-04  1.914980e-04  3.332806e-04  5.963177e-04  9.996071e-04
1.600  9.876400e-05  1.606318e-04  2.873135e-04  5.232337e-04  8.736355e-04
1.800  8.437393e-05  1.410627e-04  2.571396e-04  4.754581e-04  7.819052e-04
2.000  7.860305e-05  1.333316e-04  2.453949e-04  4.586326e-04  7.462057e-04
2.200  7.572198e-05  1.294022e-04  2.393188e-04  4.472767e-04  7.277315e-04
2.400  7.415695e-05  1.276890e-04  2.373022e-04  4.435078e-04  7.215994e-04
2.600  7.519112e-05  1.294697e-04  2.406116e-04  4.487337e-04  7.316625e-04
