# mass_TeV  exp_m2sigma  exp_m1sigma  exp_median  exp_p1sigma  exp_p2sigma
0.700  4.738348e-03  6.200961e-03  8.482637e-03  1.159336e-02  1.522684e-02
0.800  3.202879e-03  4.227391e-03  5.774204e-03  7.903205e-03  1.038303e-02
0.900  2.021394e-03  2.655304e-03  3.644203e-03  5.016906e-03  6.657423e-03
1.000  1.753995e-03  2.297550e-03  3.118213e-03  4.243067e-03  5.563040e-03
1.200  1.031535e-03  1.349945e-03  1.846664e-03  2.538587e-03  3.378411e-03
1.400  7.568262e-04  9.867647e-04  1.345469e-03  1.849600e-03  2.466963e-03
1.600  4.881100e-04  6.460920e-04  8.925439e-04  1.257210e-03  1.722446e-03
1.800  3.606207e-04  4.786635e-04  6.689775e-04  9.596340e-04  1.341631e-03
2.000  2.954150e-04  3.962750e-04  5.643750e-04  8.230816e-04  1.175438e-03
2.200  2.273587e-04  3.095476e-04  4.511924e-04  6.777999e-04  9.923639e-04
2.400  2.016056e-04  2.779827e-04  4.096113e-04  6.251315e-04  9.292909e-04
2.600  1.752447e-04  2.455100e-04  3.707656e-04  5.791478e-04  8.800682e-04
