#   mass        eta         xmin         xmax          sig     sig_stat   sig_systUp   sig_systDn          bkg     bkg_stat   bkg_systUp   bkg_systDn          obs     obs_stat    sig_totUp    sig_totDn    bkg_totUp    bkg_totDn
     247       Eta1          300       293.73            0            0            0            0       81.537      0.99092       25.236       19.809            0            0            0            0       25.255       19.834
     247   Eta1_2p4          300          605     0.091413     0.037957    0.0094405     0.039434       1668.9       10.781       96.504       119.21            0            0     0.039113     0.054733       97.104       119.69
     308       Eta1          300       364.95     0.067788     0.022421     0.010701     0.012437       49.595      0.87731       11.967       10.331            0            0     0.024843     0.025639       11.999       10.369
     308   Eta1_2p4          300        439.8     0.074779     0.027206    0.0074008     0.017841         1331       10.124       78.686       91.594            0            0     0.028195     0.032534       79.334       92.152
     432       Eta1          300       545.88      0.20621     0.019704    0.0083096     0.018413       77.126      0.98703       23.012       18.014            0            0     0.021384     0.026968       23.033       18.041
     432   Eta1_2p4          300       797.13      0.14032     0.016629    0.0062062     0.022835       1755.5       10.903        105.9       128.53            0            0     0.017749     0.028248       106.46       128.99
     557       Eta1       367.92       707.11      0.13069    0.0091488    0.0059012    0.0062192       34.677      0.50308       13.817       10.585            0            0     0.010887     0.011062       13.826       10.596
     557   Eta1_2p4          300       1205.4     0.075854    0.0072454    0.0062709    0.0077128         1794       10.976       116.63       132.92            0            0    0.0095823     0.010582       117.15       133.37
     651       Eta1       437.25       791.08     0.091791     0.005219    0.0041362     0.004443       14.878      0.25531       7.1407       5.4013            0            0    0.0066593     0.006854       7.1452       5.4073
     651   Eta1_2p4       421.38        883.3     0.035075    0.0030766    0.0017963    0.0027878       527.45        4.612       58.193       49.428            0            0    0.0035626    0.0041518       58.375       49.643
     745       Eta1       508.58       907.88     0.066072    0.0030225    0.0021652    0.0039487        6.962      0.12899       3.4425       2.7604            0            0     0.003718    0.0049727       3.4449       2.7634
     745   Eta1_2p4       456.04       1071.8     0.023934    0.0019402     0.002515    0.0013762        414.1       3.9763       52.328       40.824            0            0    0.0031764    0.0023787       52.479       41.018
     871       Eta1       612.89       1107.2     0.042318    0.0015892    0.0015034    0.0019611       2.4343     0.055274         1.22       1.0689            0            0    0.0021876    0.0025241       1.2212       1.0703
     871   Eta1_2p4       562.11       1249.1     0.012502    0.0008629   0.00040621    0.0005313       179.49         2.48       28.338       22.123            0            0   0.00095373    0.0010133       28.447       22.261
    1029       Eta1       724.97       1336.3      0.02257   0.00069183   0.00070808    0.0012205      0.94915     0.026966      0.58006      0.43755            0            0   0.00098996    0.0014029      0.58069      0.43838
    1029   Eta1_2p4       655.72       1417.7    0.0059992   0.00037978   0.00049375   0.00046442       105.75       1.9584       26.105       24.534            0            0   0.00062292   0.00059993       26.178       24.612
    1218       Eta1       850.43         1617     0.010829   0.00027349   0.00034542   0.00046691      0.37432     0.012595      0.22492      0.19792            0            0   0.00044058   0.00054111      0.22527      0.19832
    1218   Eta1_2p4       744.66       1745.1    0.0024862   0.00012963   8.7807e-05   0.00011656       65.824       1.7014       18.533       15.923            0            0   0.00015657   0.00017433       18.611       16.013
    1409       Eta1       977.31       1907.5    0.0051079   0.00011497   0.00020528   0.00021087      0.16977    0.0063036      0.11344     0.098526            0            0   0.00023528   0.00024017      0.11361     0.098727
    1409   Eta1_2p4       939.49       1933.9    0.0010359   4.9923e-05   3.4597e-05     4.01e-05       26.812        1.325       13.684       8.0062            0            0   6.0739e-05   6.4034e-05       13.748       8.1151
    1599       Eta1       1103.9       2163.3    0.0023202   4.4756e-05   7.3402e-05   8.7162e-05     0.072941    0.0030254     0.053562     0.042955            0            0   8.5971e-05   9.7982e-05     0.053648     0.043061
    1599   Eta1_2p4       1021.8       2247.8   0.00046079   2.0561e-05   3.2104e-05   2.1695e-05        19.82        1.209       11.459       7.4528            0            0   3.8124e-05    2.989e-05       11.523       7.5502
