# mass_TeV  exp_m2sigma  exp_m1sigma  exp_median  exp_p1sigma  exp_p2sigma
1.100  2.064519e-04  3.101741e-04  5.081892e-04  8.576162e-04  1.384146e-03
1.200  1.667365e-04  2.541169e-04  4.268456e-04  7.365048e-04  1.208052e-03
1.300  1.409973e-04  2.199411e-04  3.759928e-04  6.607502e-04  1.097154e-03
1.400  1.241014e-04  1.971716e-04  3.416126e-04  6.098640e-04  1.022039e-03
1.600  1.008654e-04  1.640495e-04  2.934265e-04  5.355359e-04  8.922236e-04
1.800  8.635587e-05  1.443762e-04  2.631798e-04  4.876756e-04  8.002722e-04
2.000  8.066072e-05  1.361534e-04  2.518188e-04  4.716425e-04  7.657398e-04
2.200  7.665682e-05  1.319935e-04  2.453018e-04  4.643253e-04  7.459248e-04
2.400  7.666225e-05  1.306852e-04  2.453192e-04  4.663140e-04  7.459778e-04
2.600  7.671259e-05  1.317663e-04  2.485876e-04  4.745085e-04  7.559166e-04
