# mass_TeV  exp_m2sigma  exp_m1sigma  exp_median  exp_p1sigma  exp_p2sigma
1.100  2.052654e-04  3.083915e-04  5.052686e-04  8.516804e-04  1.369268e-03
1.200  1.655370e-04  2.543062e-04  4.237747e-04  7.312063e-04  1.197183e-03
1.300  1.418356e-04  2.199389e-04  3.743291e-04  6.548423e-04  1.083516e-03
1.400  1.250959e-04  1.958367e-04  3.406868e-04  6.041373e-04  1.010676e-03
1.600  1.011615e-04  1.634461e-04  2.909813e-04  5.299132e-04  8.847883e-04
1.800  8.652440e-05  1.436400e-04  2.605911e-04  4.797626e-04  7.924005e-04
2.000  8.039473e-05  1.353786e-04  2.479645e-04  4.614582e-04  7.540193e-04
2.200  7.729563e-05  1.311139e-04  2.413132e-04  4.510040e-04  7.337959e-04
2.400  7.584490e-05  1.296123e-04  2.397073e-04  4.470473e-04  7.289129e-04
2.600  7.560654e-05  1.301850e-04  2.419409e-04  4.512129e-04  7.357048e-04
