#   mass        eta         xmin         xmax          sig     sig_stat   sig_systUp   sig_systDn          bkg     bkg_stat   bkg_systUp   bkg_systDn          obs     obs_stat    sig_totUp    sig_totDn    bkg_totUp    bkg_totDn
    1100       Eta1        746.2       1451.4       1469.1       21.944       61.633       62.219      0.85537     0.025569       0.4382      0.42343            0            0       65.423       65.976      0.43895      0.42421
    1200       Eta1       808.39         1634       823.57       11.964       34.829       33.333       0.5275     0.016932      0.31656      0.26663            0            0       36.827       35.415      0.31701      0.26717
    1300       Eta1        878.5       1750.3       464.48       6.5331       20.198       21.439      0.33252     0.011861      0.19593      0.18657            0            0       21.229       22.412      0.19629      0.18695
    1400       Eta1       933.91       1894.8       265.69       3.7414       11.295       11.704      0.20842    0.0070237      0.14452      0.11337            0            0       11.898       12.287      0.14469      0.11359
    1600       Eta1       1064.2       2125.9       92.363       1.3032       3.8563       3.7345     0.094919     0.003683     0.063014     0.056033            0            0       4.0705       3.9554     0.063122     0.056154
    1800       Eta1         1184       2368.6        33.99      0.47225       1.3888       1.4171     0.045386    0.0020915     0.034956     0.027356            0            0       1.4669       1.4937     0.035019     0.027436
    2000       Eta1       1307.8       2655.1       12.692      0.17309      0.55049       0.6377     0.022402    0.0012395     0.020501     0.013512            0            0      0.57706      0.66078     0.020538     0.013568
    2200       Eta1       1423.6       2916.8       4.8638      0.06593      0.21264      0.23385     0.012156   0.00073205     0.011913    0.0076187            0            0      0.22263      0.24297     0.011935    0.0076538
    2400       Eta1       1534.4       3142.9       1.9025     0.026186     0.079771     0.083162    0.0074746   0.00047763    0.0068906    0.0049588            0            0     0.083959     0.087188    0.0069071    0.0049818
    2600       Eta1       1636.6       3372.7       0.7653     0.010898     0.031424     0.034802    0.0048144   0.00032587    0.0044511    0.0032373            0            0      0.03326     0.036469     0.004463    0.0032537
