# mass_TeV  exp_m2sigma  exp_m1sigma  exp_median  exp_p1sigma  exp_p2sigma
0.247  3.580671e-01  4.895449e-01  7.161342e-01  1.115770e+00  1.791895e+00
0.308  1.767748e-01  2.427064e-01  3.563334e-01  5.409802e-01  8.122689e-01
0.432  5.264668e-02  7.178172e-02  1.036735e-01  1.536763e-01  2.215271e-01
0.557  1.603681e-02  2.192532e-02  3.207362e-02  4.786270e-02  6.925313e-02
0.651  7.119319e-03  9.945975e-03  1.481744e-02  2.270235e-02  3.366170e-02
0.745  3.563027e-03  5.060517e-03  7.729957e-03  1.218228e-02  1.852957e-02
0.871  1.534604e-03  2.239368e-03  3.539266e-03  5.789440e-03  9.091791e-03
1.029  7.294643e-04  1.114284e-03  1.848939e-03  3.175530e-03  5.192248e-03
1.218  3.727679e-04  5.922513e-04  1.026114e-03  1.835960e-03  3.080128e-03
1.409  2.331953e-04  3.818322e-04  6.861840e-04  1.260567e-03  2.086579e-03
1.599  1.695288e-04  2.834310e-04  5.166592e-04  9.614952e-04  1.571081e-03
