#   mass        eta         xmin         xmax          sig     sig_stat   sig_systUp   sig_systDn          bkg     bkg_stat   bkg_systUp   bkg_systDn          obs     obs_stat    sig_totUp    sig_totDn    bkg_totUp    bkg_totDn
     247       Eta1          300       294.06            0            0            0            0       68.379      0.98534       13.766       9.5912            0            0            0            0       13.801       9.6417
     308       Eta1          300       365.23     0.067788     0.022421     0.010701     0.012437       43.168      0.84625       5.5963       6.1628            0            0     0.024843     0.025639         5.66       6.2207
     432       Eta1          300       546.34      0.20493     0.019662    0.0080091     0.017666       65.461      0.98159           12       8.6814            0            0     0.021231     0.026433        12.04       8.7367
     557       Eta1       367.69       707.52      0.13014     0.009132    0.0059951     0.006215       27.318       0.5349       7.8529       4.6282            0            0     0.010924     0.011046       7.8711        4.659
     651       Eta1       443.65       774.66     0.090847    0.0051994    0.0040237    0.0045495       10.163       0.2615       3.8454       3.1397            0            0    0.0065745    0.0069088       3.8543       3.1505
     745       Eta1       509.29       904.35     0.065849    0.0030181    0.0021562    0.0039876       4.9001      0.14156       2.6163       1.5976            0            0    0.0037092     0.005001       2.6201       1.6039
     871       Eta1       617.25       1095.6     0.042053    0.0015768    0.0013966    0.0018314       1.5462     0.049534       0.9963      0.65963            0            0    0.0021063    0.0024167      0.99753      0.66149
    1029       Eta1       725.68       1327.3      0.02257   0.00069183   0.00070409    0.0012285      0.55037     0.023256      0.44989      0.26271            0            0    0.0009871    0.0014099      0.45049      0.26374
    1218       Eta1       863.09       1575.6     0.010628      0.00027    0.0003384   0.00045351      0.18868     0.010288      0.15564        0.108            0            0   0.00043291    0.0005278      0.15598      0.10849
    1409       Eta1       994.55       1842.1    0.0049648   0.00011352   0.00020906   0.00020488      0.07156    0.0043502     0.073979     0.044387            0            0   0.00023789   0.00023422     0.074107       0.0446
    1599       Eta1       1118.5       2087.5    0.0022704   4.4223e-05   7.2564e-05   8.4139e-05     0.031821    0.0023075     0.037283     0.021183            0            0   8.4978e-05   9.5053e-05     0.037355     0.021308
