# mass_TeV  exp_m2sigma  exp_m1sigma  exp_median  exp_p1sigma  exp_p2sigma
0.247  2.283001e+01  3.309559e+01  5.411559e+01  9.855124e+01  1.645571e+02
0.308  1.184643e+00  1.597527e+00  2.263198e+00  3.309658e+00  4.774899e+00
0.432  1.409311e-01  1.846051e-01  2.505442e-01  3.419234e-01  4.516258e-01
0.557  4.148062e-02  5.413266e-02  7.323476e-02  9.965323e-02  1.313752e-01
0.651  1.587049e-02  2.084748e-02  2.861159e-02  3.984521e-02  5.398354e-02
0.745  6.524680e-03  8.798732e-03  1.246506e-02  1.812929e-02  2.573809e-02
0.871  2.255404e-03  3.179380e-03  4.771764e-03  7.415607e-03  1.117770e-02
1.029  9.982315e-04  1.456668e-03  2.302228e-03  3.798042e-03  6.024917e-03
1.218  4.967818e-04  7.487495e-04  1.246825e-03  2.156316e-03  3.548703e-03
1.409  2.952635e-04  4.622327e-04  8.041219e-04  1.435559e-03  2.425497e-03
1.599  2.018200e-04  3.282442e-04  5.871128e-04  1.080907e-03  1.785319e-03
