# mass_TeV  exp_m2sigma  exp_m1sigma  exp_median  exp_p1sigma  exp_p2sigma
0.700  5.491678e-04  7.693597e-04  1.161876e-03  1.794046e-03  2.673760e-03
0.800  3.651052e-04  5.234617e-04  8.057494e-04  1.277877e-03  1.948738e-03
0.900  2.667818e-04  3.873696e-04  6.097870e-04  9.938277e-04  1.550092e-03
1.000  1.974169e-04  2.956306e-04  4.767803e-04  7.979592e-04  1.275396e-03
1.200  1.313358e-04  2.024691e-04  3.430813e-04  5.974431e-04  9.840500e-04
1.400  9.573009e-05  1.540410e-04  2.693066e-04  4.829267e-04  8.123598e-04
1.600  7.610592e-05  1.254697e-04  2.265479e-04  4.152810e-04  6.888969e-04
1.800  6.622037e-05  1.107122e-04  2.018145e-04  3.731604e-04  6.136865e-04
2.000  6.068921e-05  1.029450e-04  1.894687e-04  3.541090e-04  5.761451e-04
2.200  5.558258e-05  9.570626e-05  1.778643e-04  3.324207e-04  5.408576e-04
2.400  5.409961e-05  9.315276e-05  1.731188e-04  3.256217e-04  5.264273e-04
2.600  5.289393e-05  9.177976e-05  1.714031e-04  3.223948e-04  5.212103e-04
