# mass_TeV  exp_m2sigma  exp_m1sigma  exp_median  exp_p1sigma  exp_p2sigma
0.700  8.047119e-04  1.079455e-03  1.537360e-03  2.242078e-03  3.192394e-03
0.800  4.861301e-04  6.702976e-04  9.876928e-04  1.497533e-03  2.209304e-03
0.900  3.187175e-04  4.526700e-04  6.914549e-04  1.093856e-03  1.680984e-03
1.000  2.306686e-04  3.349328e-04  5.272425e-04  8.635002e-04  1.363421e-03
1.200  1.478774e-04  2.246251e-04  3.711433e-04  6.403929e-04  1.052311e-03
1.400  1.082333e-04  1.698532e-04  2.916602e-04  5.206864e-04  8.768824e-04
1.600  8.350540e-05  1.358149e-04  2.429248e-04  4.482062e-04  7.386967e-04
1.800  7.173873e-05  1.187906e-04  2.186323e-04  4.103574e-04  6.648270e-04
2.000  6.508789e-05  1.120732e-04  2.082812e-04  3.959105e-04  6.333511e-04
2.200  6.108981e-05  1.049317e-04  1.979619e-04  3.778732e-04  6.019716e-04
2.400  5.981147e-05  1.035318e-04  1.963043e-04  3.770566e-04  5.969310e-04
2.600  5.923323e-05  1.033396e-04  1.969312e-04  3.782608e-04  5.988375e-04
