#   mass        eta         xmin         xmax          sig     sig_stat   sig_systUp   sig_systDn          bkg     bkg_stat   bkg_systUp   bkg_systDn          obs     obs_stat    sig_totUp    sig_totDn    bkg_totUp    bkg_totDn
    1100     Eta2p4       722.22       1523.1       2009.4       25.566       86.828       89.087       69.456       1.6152       27.475       15.531            0            0       90.514       92.683       27.522       15.615
    1200     Eta2p4       790.18       1687.2       1102.9       13.788       48.829       45.914       52.593        1.504       17.522        16.23            0            0       50.739        47.94       17.587         16.3
    1300     Eta2p4       863.49       1777.7       627.87       7.5903       27.565       28.807       38.152       1.3775       15.933       11.981            0            0       28.591        29.79       15.993        12.06
    1400     Eta2p4       916.13       1945.3       356.62       4.3106       15.834       17.098       30.812       1.2742       15.737       10.951            0            0        16.41       17.633       15.789       11.025
    1600     Eta2p4       1045.2       2162.7        124.5       1.5028       5.3023       5.2338       18.214       1.0924       10.973       7.3351            0            0       5.5111       5.4453       11.028        7.416
    1800     Eta2p4       1170.5       2396.6       45.136      0.54293        1.857       1.8669       11.413      0.90553       8.6427       5.1769            0            0       1.9348       1.9442         8.69       5.2555
    2000     Eta2p4       1294.6       2667.4       16.721      0.19812      0.74232      0.85449       7.8779      0.79252       6.1832       3.9799            0            0       0.7683      0.87716       6.2338        4.058
    2200     Eta2p4       1410.1       2914.4       6.4186     0.075592      0.28658      0.30724       5.4066      0.60369       4.6808       2.8313            0            0      0.29638       0.3164       4.7196        2.895
    2400     Eta2p4       1526.6         3128        2.529     0.030162       0.1064      0.10829       4.1173      0.47101       3.3789        2.232            0            0       0.1106      0.11242       3.4116       2.2812
    2600     Eta2p4       1633.5       3358.5        1.004     0.012425     0.042538     0.048801       3.2297      0.39899       2.8276       1.9379            0            0     0.044316     0.050358       2.8556       1.9786
