# mass_TeV  exp_m2sigma  exp_m1sigma  exp_median  exp_p1sigma  exp_p2sigma
0.247  8.295131e-01  1.143769e+00  1.685360e+00  2.551971e+00  3.783174e+00
0.308  5.662698e-01  7.605646e-01  1.073815e+00  1.559626e+00  2.219248e+00
0.432  1.844254e-01  2.447938e-01  3.421224e-01  4.853124e-01  6.674323e-01
0.557  6.579685e-02  8.812186e-02  1.229489e-01  1.739171e-01  2.371833e-01
0.651  3.453140e-02  4.643331e-02  6.500028e-02  9.207559e-02  1.262037e-01
0.745  1.952219e-02  2.611631e-02  3.674765e-02  5.227428e-02  7.184594e-02
0.871  1.006544e-02  1.351903e-02  1.908706e-02  2.715173e-02  3.728725e-02
1.029  5.244874e-03  7.072874e-03  1.002006e-02  1.435359e-02  1.981475e-02
1.218  2.719806e-03  3.682698e-03  5.235116e-03  7.540964e-03  1.048645e-02
1.409  1.530721e-03  2.078451e-03  2.991333e-03  4.374469e-03  6.182010e-03
1.599  9.667790e-04  1.329321e-03  1.933558e-03  2.866135e-03  4.105097e-03
