# mass_TeV  exp_m2sigma  exp_m1sigma  exp_median  exp_p1sigma  exp_p2sigma
1.100  1.971880e-03  2.573325e-03  3.481388e-03  4.716438e-03  6.149532e-03
1.200  1.471480e-03  1.920297e-03  2.597923e-03  3.537679e-03  4.653795e-03
1.300  1.213710e-03  1.583905e-03  2.142826e-03  2.920093e-03  3.850680e-03
1.400  9.325491e-04  1.224997e-03  1.681215e-03  2.324549e-03  3.123586e-03
1.600  6.572295e-04  8.666195e-04  1.193268e-03  1.673666e-03  2.282659e-03
1.800  4.818940e-04  6.396336e-04  8.939484e-04  1.278787e-03  1.783483e-03
2.000  3.643584e-04  4.927120e-04  7.066345e-04  1.039002e-03  1.492014e-03
2.200  3.088865e-04  4.188159e-04  6.082687e-04  9.101296e-04  1.328513e-03
2.400  2.675287e-04  3.688804e-04  5.435504e-04  8.295437e-04  1.231552e-03
2.600  2.524095e-04  3.489714e-04  5.211035e-04  8.056718e-04  1.213392e-03
