# mass_TeV  exp_m2sigma  exp_m1sigma  exp_median  exp_p1sigma  exp_p2sigma
0.247  3.566291e-01  4.875788e-01  7.132582e-01  1.108446e+00  1.773310e+00
0.308  1.853897e-01  2.549108e-01  3.707793e-01  5.614338e-01  8.378264e-01
0.432  5.983048e-02  8.123928e-02  1.169206e-01  1.723807e-01  2.471463e-01
0.557  1.845173e-02  2.526385e-02  3.661738e-02  5.413239e-02  7.771152e-02
0.651  8.294360e-03  1.148613e-02  1.698685e-02  2.572148e-02  3.772564e-02
0.745  4.227478e-03  5.959358e-03  8.944086e-03  1.382834e-02  2.072190e-02
0.871  1.848031e-03  2.662319e-03  4.113877e-03  6.573590e-03  1.012134e-02
1.029  8.692997e-04  1.292161e-03  2.099441e-03  3.513711e-03  5.621647e-03
1.218  4.328312e-04  6.699844e-04  1.130661e-03  1.973445e-03  3.260806e-03
1.409  2.610674e-04  4.200881e-04  7.344313e-04  1.319926e-03  2.227947e-03
1.599  1.842296e-04  3.016560e-04  5.421008e-04  9.937157e-04  1.648444e-03
