#   mass        eta         xmin         xmax          sig     sig_stat   sig_systUp   sig_systDn          bkg     bkg_stat   bkg_systUp   bkg_systDn          obs     obs_stat    sig_totUp    sig_totDn    bkg_totUp    bkg_totDn
    1100     Eta2p4       732.48       1495.1       1982.5       25.404       85.427       87.156        59.13       1.4306       21.123       13.151            0            0       89.124       90.783       21.171       13.228
    1200     Eta2p4       803.24         1646       1091.8        13.72       48.443       45.462       40.353       1.2436       18.973       9.8812            0            0       50.349       47.487       19.014       9.9591
    1300     Eta2p4       876.64       1733.4       619.01       7.5304       27.572       28.706       29.675       1.0363       15.195       8.6643            0            0       28.582       29.677        15.23       8.7261
    1400     Eta2p4       930.43       1892.7       350.36       4.2759       15.546       16.562       22.328      0.91807       12.756       6.3079            0            0       16.123       17.105       12.789       6.3744
    1600     Eta2p4       1054.2       2125.2       122.77       1.4921        5.246       5.1805       13.291      0.69133       9.5664       4.4957            0            0       5.4541       5.3911       9.5914       4.5485
    1800     Eta2p4       1181.8       2342.9       44.584      0.53982       1.8381       1.8338       8.2331      0.51563       5.7431       3.2479            0            0       1.9157       1.9116       5.7662       3.2885
    2000     Eta2p4       1305.4       2585.5       16.392      0.19601      0.73214      0.85288       5.2192      0.36663       4.4804        2.127            0            0      0.75792      0.87511       4.4954       2.1583
    2200     Eta2p4       1415.1         2824        6.313      0.07493      0.28324      0.30539       3.6548      0.28243       3.0913       1.7051            0            0      0.29299      0.31445       3.1042       1.7283
    2400     Eta2p4       1528.9       3032.6       2.4741     0.029856      0.10369      0.10479       2.7036      0.21621        1.903       1.3304            0            0       0.1079      0.10896       1.9153       1.3478
    2600     Eta2p4         1626       3254.9      0.97346     0.012232     0.041594     0.046553       2.1102       0.1865        1.367       1.1392            0            0     0.043356     0.048133       1.3796       1.1544
