# mass_TeV  exp_m2sigma  exp_m1sigma  exp_median  exp_p1sigma  exp_p2sigma
1.100  2.542771e-04  3.692127e-04  5.812049e-04  9.484030e-04  1.495440e-03
1.200  1.995860e-04  2.951239e-04  4.775143e-04  8.020427e-04  1.292088e-03
1.300  1.650557e-04  2.507188e-04  4.142575e-04  7.131334e-04  1.172161e-03
1.400  1.414056e-04  2.179927e-04  3.693860e-04  6.506121e-04  1.088170e-03
1.600  1.108946e-04  1.788079e-04  3.154335e-04  5.731864e-04  9.591401e-04
1.800  9.507909e-05  1.560150e-04  2.830261e-04  5.267074e-04  8.606207e-04
2.000  8.683374e-05  1.458535e-04  2.710907e-04  5.120598e-04  8.243425e-04
2.200  8.382392e-05  1.428936e-04  2.682365e-04  5.109455e-04  8.156658e-04
2.400  8.305078e-05  1.437584e-04  2.725769e-04  5.213861e-04  8.288642e-04
2.600  8.505735e-05  1.472317e-04  2.791626e-04  5.350960e-04  8.488903e-04
