# mass_TeV  exp_m2sigma  exp_m1sigma  exp_median  exp_p1sigma  exp_p2sigma
0.308  1.229034e+00  1.650732e+00  2.330613e+00  3.371084e+00  4.822635e+00
0.432  1.500655e-01  1.958371e-01  2.649433e-01  3.589340e-01  4.706139e-01
0.557  4.501721e-02  5.836269e-02  7.786761e-02  1.047934e-01  1.366310e-01
0.651  1.653148e-02  2.155406e-02  2.938930e-02  4.060612e-02  5.474913e-02
0.745  6.751065e-03  9.031411e-03  1.270789e-02  1.838116e-02  2.597928e-02
0.871  2.363761e-03  3.287702e-03  4.880024e-03  7.515767e-03  1.126343e-02
1.029  1.022881e-03  1.485232e-03  2.338014e-03  3.819802e-03  6.042957e-03
1.218  4.983246e-04  7.569526e-04  1.250697e-03  2.158028e-03  3.549344e-03
1.409  2.952635e-04  4.622327e-04  8.041219e-04  1.435559e-03  2.425497e-03
1.599  2.018200e-04  3.282442e-04  5.871128e-04  1.083247e-03  1.785319e-03
