# mass_TeV  exp_m2sigma  exp_m1sigma  exp_median  exp_p1sigma  exp_p2sigma
1.100  1.045676e-03  1.410126e-03  1.997709e-03  2.877616e-03  3.992239e-03
1.200  8.662983e-04  1.172994e-03  1.667461e-03  2.401908e-03  3.334875e-03
1.300  7.120051e-04  9.680505e-04  1.380858e-03  2.002829e-03  2.798508e-03
1.400  6.082804e-04  8.259380e-04  1.188701e-03  1.731226e-03  2.435676e-03
1.600  4.398819e-04  6.022801e-04  8.729439e-04  1.293974e-03  1.850672e-03
1.800  3.346644e-04  4.614500e-04  6.799530e-04  1.025519e-03  1.492641e-03
2.000  2.743027e-04  3.849301e-04  5.755859e-04  8.830235e-04  1.311567e-03
2.200  2.374492e-04  3.341602e-04  5.065582e-04  7.892410e-04  1.185344e-03
2.400  2.095811e-04  2.990617e-04  4.585706e-04  7.245274e-04  1.103974e-03
2.600  1.941676e-04  2.810852e-04  4.360254e-04  7.002038e-04  1.081481e-03
