# mass_TeV  exp_m2sigma  exp_m1sigma  exp_median  exp_p1sigma  exp_p2sigma
0.700  5.580974e-04  7.867343e-04  1.180768e-03  1.820865e-03  2.712617e-03
0.800  3.678231e-04  5.273585e-04  8.117476e-04  1.285772e-03  1.962553e-03
0.900  2.683698e-04  3.896753e-04  6.134167e-04  9.972982e-04  1.558455e-03
1.000  1.981374e-04  2.945190e-04  4.785204e-04  8.027789e-04  1.284383e-03
1.200  1.316823e-04  2.030033e-04  3.439865e-04  6.017618e-04  9.956874e-04
1.400  9.610847e-05  1.532884e-04  2.703711e-04  4.880687e-04  8.221565e-04
1.600  7.656439e-05  1.262255e-04  2.279126e-04  4.205081e-04  6.930469e-04
1.800  6.603788e-05  1.112027e-04  2.036831e-04  3.806750e-04  6.193688e-04
2.000  6.079944e-05  1.039009e-04  1.921562e-04  3.621956e-04  5.843174e-04
2.200  5.636765e-05  9.608922e-05  1.803765e-04  3.421488e-04  5.484969e-04
2.400  5.392451e-05  9.430308e-05  1.769830e-04  3.371229e-04  5.381780e-04
2.600  5.333555e-05  9.232221e-05  1.750500e-04  3.334408e-04  5.323000e-04
