# mass_TeV  exp_m2sigma  exp_m1sigma  exp_median  exp_p1sigma  exp_p2sigma
1.100  1.980037e-04  2.991082e-04  4.921257e-04  8.373734e-04  1.357452e-03
1.200  1.603190e-04  2.457288e-04  4.145622e-04  7.202679e-04  1.188857e-03
1.300  1.358243e-04  2.131525e-04  3.660107e-04  6.475850e-04  1.081171e-03
1.400  1.197727e-04  1.914980e-04  3.332806e-04  5.989747e-04  1.010219e-03
1.600  9.805718e-05  1.605581e-04  2.885361e-04  5.289106e-04  8.773535e-04
1.800  8.522333e-05  1.424828e-04  2.597282e-04  4.833504e-04  7.897770e-04
2.000  7.983766e-05  1.341023e-04  2.492493e-04  4.678233e-04  7.579262e-04
2.200  7.603359e-05  1.309203e-04  2.433075e-04  4.615202e-04  7.398604e-04
2.400  7.520918e-05  1.298422e-04  2.437158e-04  4.632662e-04  7.411021e-04
2.600  7.533651e-05  1.317483e-04  2.472583e-04  4.719711e-04  7.518742e-04
