#   mass        eta         xmin         xmax          sig     sig_stat   sig_systUp   sig_systDn          bkg     bkg_stat   bkg_systUp   bkg_systDn          obs     obs_stat    sig_totUp    sig_totDn    bkg_totUp    bkg_totDn
     247       Eta1          300       293.73            0            0            0            0       81.537      0.99092       25.236       19.809            0            0            0            0       25.255       19.834
     308       Eta1          300       364.95     0.067788     0.022421     0.010701     0.012437       49.595      0.87731       11.967       10.331            0            0     0.024843     0.025639       11.999       10.369
     432       Eta1          300       545.88      0.20621     0.019704    0.0083096     0.018413       77.126      0.98703       23.012       18.014            0            0     0.021384     0.026968       23.033       18.041
     557       Eta1       367.92       707.11      0.13069    0.0091488    0.0059012    0.0062192       34.677      0.50308       13.817       10.585            0            0     0.010887     0.011062       13.826       10.596
     651       Eta1       437.25       791.08     0.091791     0.005219    0.0041362     0.004443       14.878      0.25531       7.1407       5.4013            0            0    0.0066593     0.006854       7.1452       5.4073
     745       Eta1       508.58       907.88     0.066072    0.0030225    0.0021652    0.0039487        6.962      0.12899       3.4425       2.7604            0            0     0.003718    0.0049727       3.4449       2.7634
     871       Eta1       612.89       1107.2     0.042318    0.0015892    0.0015034    0.0019611       2.4343     0.055274         1.22       1.0689            0            0    0.0021876    0.0025241       1.2212       1.0703
    1029       Eta1       724.97       1336.3      0.02257   0.00069183   0.00070808    0.0012205      0.94915     0.026966      0.58006      0.43755            0            0   0.00098996    0.0014029      0.58069      0.43838
    1218       Eta1       850.43         1617     0.010829   0.00027349   0.00034542   0.00046691      0.37432     0.012595      0.22492      0.19792            0            0   0.00044058   0.00054111      0.22527      0.19832
    1409       Eta1       977.31       1907.5    0.0051079   0.00011497   0.00020528   0.00021087      0.16977    0.0063036      0.11344     0.098526            0            0   0.00023528   0.00024017      0.11361     0.098727
    1599       Eta1       1103.9       2163.3    0.0023202   4.4756e-05   7.3402e-05   8.7162e-05     0.072941    0.0030254     0.053562     0.042955            0            0   8.5971e-05   9.7982e-05     0.053648     0.043061
