# mass_TeV  exp_m2sigma  exp_m1sigma  exp_median  exp_p1sigma  exp_p2sigma
0.247  3.695713e-01  5.052732e-01  7.391425e-01  1.157511e+00  1.919739e+00
0.308  1.962241e-01  2.682752e-01  3.924482e-01  5.958092e-01  8.992620e-01
0.432  7.205396e-02  9.716697e-02  1.376553e-01  2.002071e-01  2.842332e-01
0.557  2.054020e-02  2.816131e-02  4.044839e-02  5.947342e-02  8.478386e-02
0.651  8.654116e-03  1.205518e-02  1.772363e-02  2.676646e-02  3.916504e-02
0.745  4.339564e-03  6.089728e-03  9.105970e-03  1.409678e-02  2.107919e-02
0.871  1.871647e-03  2.683434e-03  4.130532e-03  6.600203e-03  1.016232e-02
1.029  8.692997e-04  1.301771e-03  2.099441e-03  3.513711e-03  5.632860e-03
1.218  4.343135e-04  6.695436e-04  1.134533e-03  1.975681e-03  3.268546e-03
1.409  2.639363e-04  4.183174e-04  7.344313e-04  1.322854e-03  2.233285e-03
1.599  1.848946e-04  3.027451e-04  5.440578e-04  9.973031e-04  1.654395e-03
