# mass_TeV  exp_m2sigma  exp_m1sigma  exp_median  exp_p1sigma  exp_p2sigma
0.247  3.753234e-01  5.116713e-01  7.506467e-01  1.178518e+00  1.972082e+00
0.308  1.797608e-01  2.468062e-01  3.623525e-01  5.508405e-01  8.317318e-01
0.432  5.673580e-02  7.703725e-02  1.108730e-01  1.636854e-01  2.350018e-01
0.557  1.764467e-02  2.405782e-02  3.474642e-02  5.136650e-02  7.368784e-02
0.651  7.534077e-03  1.047897e-02  1.555422e-02  2.367620e-02  3.491045e-02
0.745  3.706098e-03  5.239438e-03  7.972782e-03  1.248552e-02  1.896191e-02
0.871  1.549047e-03  2.260444e-03  3.572577e-03  5.836808e-03  9.155333e-03
1.029  7.318174e-04  1.117878e-03  1.854904e-03  3.185774e-03  5.208998e-03
1.218  3.741746e-04  5.919244e-04  1.029986e-03  1.838783e-03  3.091622e-03
1.409  2.341063e-04  3.833238e-04  6.888644e-04  1.262746e-03  2.094730e-03
1.599  1.701710e-04  2.845046e-04  5.186163e-04  9.651372e-04  1.577032e-03
