# mass_TeV  exp_m2sigma  exp_m1sigma  exp_median  exp_p1sigma  exp_p2sigma
1.100  1.939936e-04  2.914567e-04  4.775226e-04  8.163324e-04  1.335358e-03
1.200  1.563485e-04  2.410289e-04  4.084206e-04  7.177371e-04  1.196898e-03
1.300  1.311517e-04  2.083729e-04  3.610196e-04  6.502666e-04  1.097589e-03
1.400  1.171689e-04  1.880806e-04  3.332806e-04  6.096025e-04  1.013359e-03
1.600  9.628057e-05  1.609691e-04  2.934265e-04  5.507408e-04  8.922255e-04
1.800  8.494020e-05  1.462564e-04  2.718086e-04  5.155828e-04  8.265114e-04
2.000  8.220649e-05  1.422969e-04  2.698059e-04  5.171612e-04  8.204358e-04
2.200  8.098045e-05  1.412803e-04  2.692337e-04  5.160644e-04  8.186981e-04
2.400  8.234929e-05  1.448223e-04  2.773871e-04  5.327984e-04  8.434912e-04
2.600  8.563894e-05  1.506076e-04  2.884680e-04  5.552323e-04  8.771866e-04
