#   mass        eta         xmin         xmax          sig     sig_stat   sig_systUp   sig_systDn          bkg     bkg_stat   bkg_systUp   bkg_systDn          obs     obs_stat    sig_totUp    sig_totDn    bkg_totUp    bkg_totDn
     700       Eta1       524.82        871.5       464.09       7.9453       18.697       20.196       3.9188      0.11709       1.9894       1.3775            0            0       20.316       21.702       1.9929       1.3824
     700   Eta1_2p4       450.51       1025.4       199.11       5.2116       8.0005       7.7746          375       4.2326       50.005        32.94            0            0       9.5483       9.3598       50.183       33.211
     800       Eta1       588.65       1016.4       226.94       3.6016        8.817       9.0121       2.0449     0.063359       1.1854      0.79354            0            0       9.5242       9.7051       1.1871      0.79606
     800   Eta1_2p4       522.34       1161.4       94.626       2.2938       3.7378        4.037       219.38       3.0245       27.378        28.95            0            0       4.3855       4.6432       27.545       29.107
     900       Eta1        663.3       1132.6       112.53       1.6867       4.8267       4.9514      0.96573     0.035416      0.60758      0.43715            0            0       5.1129       5.2308      0.60861      0.43859
     900   Eta1_2p4       594.99       1300.2       49.977       1.1228       2.3732       2.3593       128.81       2.2201       33.542       13.853            0            0       2.6254       2.6129       33.616       14.029
    1000       Eta1       722.77       1273.6       59.429      0.85592       2.3622       2.3935      0.54715     0.023246      0.44709      0.26051            0            0       2.5125        2.542       0.4477      0.26155
    1000   Eta1_2p4       670.07       1390.1       25.685      0.55991       1.0267       1.0174       82.265       1.7287       20.313       18.189            0            0       1.1694       1.1613       20.386       18.271
    1200       Eta1       854.22       1544.2        17.35      0.23972      0.68999      0.70144      0.20029     0.010555      0.16707      0.11196            0            0      0.73045      0.74127       0.1674      0.11246
    1200   Eta1_2p4       814.99       1618.1       7.1659      0.14982      0.37425      0.42431        36.77        1.173        17.74       7.5807            0            0      0.40312      0.44998       17.779       7.6709
    1400       Eta1        973.9       1841.3       5.7024     0.071159      0.23253       0.2372     0.085446    0.0052074     0.080842     0.053555            0            0      0.24317      0.24764      0.08101     0.053808
    1400   Eta1_2p4       932.21       1881.2        2.343     0.045037      0.10892      0.11822       21.647      0.91481        12.03       5.5351            0            0      0.11786      0.12651       12.064       5.6101
    1600       Eta1       1116.2       2103.2       1.9698     0.025569     0.092691     0.080304     0.031827    0.0023075     0.037321     0.021173            0            0     0.096153     0.084277     0.037392     0.021298
    1600   Eta1_2p4       1059.4       2115.2      0.77689     0.015395     0.037924      0.03189       12.986       0.6945        9.019        4.063            0            0      0.04093     0.035412       9.0457       4.1219
    1800       Eta1       1230.3       2373.3      0.71128    0.0085383     0.031501     0.033355     0.015037    0.0013484     0.017972     0.010551            0            0     0.032638     0.034431     0.018023     0.010637
    1800   Eta1_2p4       1155.4       2405.1      0.27871    0.0055057     0.013383     0.011067       9.2002      0.55715       6.3524       3.3849            0            0     0.014471     0.012361       6.3768       3.4305
    2000       Eta1       1342.8       2663.9      0.26101    0.0030653     0.011794     0.013589    0.0080012   0.00088385     0.011745      0.00594            0            0     0.012186      0.01393     0.011778    0.0060054
    2000   Eta1_2p4       1279.9       2615.2     0.095066    0.0018288    0.0050764    0.0055427        5.714       0.4136       4.6171       2.2703            0            0    0.0053957    0.0058366       4.6356       2.3077
    2200       Eta1       1464.4       2883.5      0.10019    0.0012103    0.0041195    0.0040612    0.0040558   0.00048937    0.0062406    0.0031477            0            0    0.0042936    0.0042376    0.0062598    0.0031855
    2200   Eta1_2p4       1384.4         2874     0.034054   0.00068073    0.0014793    0.0017615       4.0231      0.29542       3.0932        1.666            0            0    0.0016284    0.0018884       3.1073        1.692
    2400       Eta1       1581.6       3120.2     0.038196   0.00047107    0.0016442    0.0017241    0.0023577   0.00029421    0.0036692    0.0019309            0            0    0.0017104    0.0017873     0.003681    0.0019532
    2400   Eta1_2p4       1480.2       3122.4     0.012171   0.00026323   0.00053141   0.00051021       3.0941      0.24322       2.2051       1.5001            0            0   0.00059303   0.00057411       2.2185       1.5197
    2600       Eta1       1694.4       3354.6     0.014708   0.00017768   0.00059731   0.00060292    0.0015345   0.00022543    0.0021793    0.0013258            0            0   0.00062318   0.00062855    0.0021909    0.0013448
    2600   Eta1_2p4       1581.8       3360.3    0.0042512   9.3753e-05   0.00020189   0.00021943         2.24      0.18687       1.7017       1.0798            0            0    0.0002226   0.00023862       1.7119       1.0959
