# mass_TeV  exp_m2sigma  exp_m1sigma  exp_median  exp_p1sigma  exp_p2sigma
1.100  1.682669e-04  2.594026e-04  4.395545e-04  7.671939e-04  1.269891e-03
1.200  1.381274e-04  2.162374e-04  3.761768e-04  6.700704e-04  1.125390e-03
1.300  1.187325e-04  1.905904e-04  3.377280e-04  6.096601e-04  1.026778e-03
1.400  1.069275e-04  1.739091e-04  3.110619e-04  5.689623e-04  9.457096e-04
1.600  9.026304e-05  1.501865e-04  2.750874e-04  5.119335e-04  8.364609e-04
1.800  7.972244e-05  1.362386e-04  2.519623e-04  4.739197e-04  7.661626e-04
2.000  7.668591e-05  1.307255e-04  2.453949e-04  4.664578e-04  7.462058e-04
2.200  7.443658e-05  1.301745e-04  2.443047e-04  4.663331e-04  7.428927e-04
2.400  7.547850e-05  1.306510e-04  2.477243e-04  4.738480e-04  7.532913e-04
2.600  7.716956e-05  1.346317e-04  2.565637e-04  4.907561e-04  7.801706e-04
