# mass_TeV  exp_m2sigma  exp_m1sigma  exp_median  exp_p1sigma  exp_p2sigma
0.700  2.368621e-03  3.168683e-03  4.458580e-03  6.324650e-03  8.627419e-03
0.800  1.720715e-03  2.323164e-03  3.262985e-03  4.648167e-03  6.358127e-03
0.900  1.328379e-03  1.784164e-03  2.519001e-03  3.598392e-03  4.942978e-03
1.000  1.020118e-03  1.375661e-03  1.948883e-03  2.795631e-03  3.862616e-03
1.200  7.448609e-04  1.004468e-03  1.423018e-03  2.044125e-03  2.831158e-03
1.400  5.438025e-04  7.333344e-04  1.038906e-03  1.498571e-03  2.090481e-03
1.600  3.940704e-04  5.328907e-04  7.642578e-04  1.117636e-03  1.580624e-03
1.800  3.050867e-04  4.177204e-04  6.054434e-04  8.974555e-04  1.288169e-03
2.000  2.553177e-04  3.505436e-04  5.146563e-04  7.751894e-04  1.131527e-03
2.200  2.122187e-04  2.951701e-04  4.381289e-04  6.704002e-04  9.897084e-04
2.400  1.866648e-04  2.615091e-04  3.949271e-04  6.121662e-04  9.180400e-04
2.600  1.720204e-04  2.443182e-04  3.731969e-04  5.859206e-04  8.871815e-04
