# mass_TeV  exp_m2sigma  exp_m1sigma  exp_median  exp_p1sigma  exp_p2sigma
0.247  1.810396e+01  2.611527e+01  4.251939e+01  7.692466e+01  1.292949e+02
0.308  7.969347e-01  1.089559e+00  1.593869e+00  2.410260e+00  3.595181e+00
0.432  8.215582e-02  1.099061e-01  1.546462e-01  2.206039e-01  3.039840e-01
0.557  2.489603e-02  3.330530e-02  4.686312e-02  6.685055e-02  9.263474e-02
0.651  1.109837e-02  1.496650e-02  2.120286e-02  3.058408e-02  4.289595e-02
0.745  4.878808e-03  6.698456e-03  9.834447e-03  1.481291e-02  2.168105e-02
0.871  1.849722e-03  2.639461e-03  4.047255e-03  6.467135e-03  9.980246e-03
1.029  8.244042e-04  1.231944e-03  2.009976e-03  3.404038e-03  5.524956e-03
1.218  4.195813e-04  6.584597e-04  1.130661e-03  2.014007e-03  3.393670e-03
1.409  2.550574e-04  4.176290e-04  7.505138e-04  1.384729e-03  2.282196e-03
1.599  1.817909e-04  3.083656e-04  5.675423e-04  1.065237e-03  1.725808e-03
