# mass_TeV  exp_m2sigma  exp_m1sigma  exp_median  exp_p1sigma  exp_p2sigma
0.247  8.318162e-01  1.142059e+00  1.676732e+00  2.528881e+00  3.725954e+00
0.308  5.671163e-01  7.647737e-01  1.083446e+00  1.571455e+00  2.236145e+00
0.432  1.830890e-01  2.439689e-01  3.421224e-01  4.873581e-01  6.731269e-01
0.557  6.569523e-02  8.833835e-02  1.236616e-01  1.756647e-01  2.406291e-01
0.651  3.479234e-02  4.654435e-02  6.549147e-02  9.316296e-02  1.280435e-01
0.745  1.993354e-02  2.677300e-02  3.779989e-02  5.384646e-02  7.407307e-02
0.871  1.052216e-02  1.413246e-02  1.995313e-02  2.842351e-02  3.900589e-02
1.029  5.544581e-03  7.477039e-03  1.059263e-02  1.515268e-02  2.089975e-02
1.218  3.040225e-03  4.099837e-03  5.808191e-03  8.320150e-03  1.149487e-02
1.409  1.823933e-03  2.459629e-03  3.484528e-03  5.012371e-03  6.980797e-03
1.599  1.191625e-03  1.613495e-03  2.293654e-03  3.335910e-03  4.693337e-03
