# mass_TeV  exp_m2sigma  exp_m1sigma  exp_median  exp_p1sigma  exp_p2sigma
1.100  1.027331e-03  1.385387e-03  1.962662e-03  2.819308e-03  3.910954e-03
1.200  8.744192e-04  1.179181e-03  1.670532e-03  2.406331e-03  3.338406e-03
1.300  7.506598e-04  1.006949e-03  1.434096e-03  2.068613e-03  2.883442e-03
1.400  6.667926e-04  8.991903e-04  1.273872e-03  1.845115e-03  2.582047e-03
1.600  5.068485e-04  6.853973e-04  9.829788e-04  1.441408e-03  2.038416e-03
1.800  3.965494e-04  5.429499e-04  7.869507e-04  1.168074e-03  1.676467e-03
2.000  3.313554e-04  4.568874e-04  6.732300e-04  1.012696e-03  1.476402e-03
2.200  2.878682e-04  4.003892e-04  5.943085e-04  9.058239e-04  1.334508e-03
2.400  2.552152e-04  3.559546e-04  5.355334e-04  8.269145e-04  1.232393e-03
2.600  2.361666e-04  3.323552e-04  5.038220e-04  7.879903e-04  1.187631e-03
