# mass_TeV  exp_m2sigma  exp_m1sigma  exp_median  exp_p1sigma  exp_p2sigma
0.308  9.018559e-01  1.224562e+00  1.762406e+00  2.612433e+00  3.814152e+00
0.432  9.061978e-02  1.213673e-01  1.693333e-01  2.385177e-01  3.251627e-01
0.557  2.679553e-02  3.570547e-02  5.007048e-02  7.102670e-02  9.736310e-02
0.651  1.148147e-02  1.535964e-02  2.161218e-02  3.100222e-02  4.330922e-02
0.745  5.057607e-03  6.885906e-03  1.003680e-02  1.499769e-02  2.187985e-02
0.871  1.884724e-03  2.676848e-03  4.088894e-03  6.501072e-03  1.000041e-02
1.029  8.347253e-04  1.240768e-03  2.015940e-03  3.406103e-03  5.528968e-03
1.218  4.195813e-04  6.584597e-04  1.130661e-03  2.014007e-03  3.393670e-03
1.409  2.550574e-04  4.176290e-04  7.505138e-04  1.384729e-03  2.282196e-03
1.599  1.817909e-04  3.083656e-04  5.675423e-04  1.065237e-03  1.725808e-03
