# mass_TeV  exp_m2sigma  exp_m1sigma  exp_median  exp_p1sigma  exp_p2sigma
0.700  4.830079e-04  6.828448e-04  1.039076e-03  1.627212e-03  2.456300e-03
0.800  3.124185e-04  4.514127e-04  7.077799e-04  1.145072e-03  1.780463e-03
0.900  2.237715e-04  3.333208e-04  5.353785e-04  8.928304e-04  1.424111e-03
1.000  1.668228e-04  2.548280e-04  4.228380e-04  7.279046e-04  1.189902e-03
1.200  1.125594e-04  1.799651e-04  3.132088e-04  5.604046e-04  9.417029e-04
1.400  8.510635e-05  1.403080e-04  2.533398e-04  4.654028e-04  7.703671e-04
1.600  7.079620e-05  1.192154e-04  2.183594e-04  4.098451e-04  6.639970e-04
1.800  6.189911e-05  1.065825e-04  1.980771e-04  3.741455e-04  6.023219e-04
2.000  5.867621e-05  1.012994e-04  1.901406e-04  3.614280e-04  5.781882e-04
2.200  5.541772e-05  9.592638e-05  1.818838e-04  3.457330e-04  5.530804e-04
2.400  5.486642e-05  9.497211e-05  1.800744e-04  3.444470e-04  5.475784e-04
2.600  5.447994e-05  9.504694e-05  1.811281e-04  3.464626e-04  5.507826e-04
